year	week	away_team	home_team	away_score	home_score	
1	1	0	30	-1	-1	
1	1	2	3	-1	-1	
1	1	5	18	-1	-1	
1	1	7	16	-1	-1	
1	1	8	1	-1	-1	
1	1	9	4	-1	-1	
1	1	11	6	-1	-1	
1	1	15	13	-1	-1	
1	1	17	28	-1	-1	
1	1	19	29	-1	-1	
1	1	20	14	-1	-1	
1	1	21	12	-1	-1	
1	1	23	26	-1	-1	
1	1	24	10	-1	-1	
1	1	25	22	-1	-1	
1	1	27	31	-1	-1	
1	2	1	2	-1	-1	
1	2	3	0	-1	-1	
1	2	4	8	-1	-1	
1	2	5	15	-1	-1	
1	2	6	9	-1	-1	
1	2	10	25	-1	-1	
1	2	12	20	-1	-1	
1	2	13	11	-1	-1	
1	2	17	7	-1	-1	
1	2	18	16	-1	-1	
1	2	22	14	-1	-1	
1	2	23	19	-1	-1	
1	2	24	21	-1	-1	
1	2	26	27	-1	-1	
1	2	29	28	-1	-1	
1	2	31	30	-1	-1	
1	3	0	5	-1	-1	
1	3	2	4	-1	-1	
1	3	7	6	-1	-1	
1	3	9	26	-1	-1	
1	3	10	8	-1	-1	
1	3	14	12	-1	-1	
1	3	16	1	-1	-1	
1	3	19	17	-1	-1	
1	3	20	24	-1	-1	
1	3	21	15	-1	-1	
1	3	25	11	-1	-1	
1	3	27	23	-1	-1	
1	3	28	22	-1	-1	
1	3	29	18	-1	-1	
1	3	30	13	-1	-1	
1	3	31	3	-1	-1	
1	4	4	7	-1	-1	
1	4	6	19	-1	-1	
1	4	8	27	-1	-1	
1	4	9	5	-1	-1	
1	4	11	24	-1	-1	
1	4	12	0	-1	-1	
1	4	13	1	-1	-1	
1	4	14	2	-1	-1	
1	4	15	10	-1	-1	
1	4	16	29	-1	-1	
1	4	18	31	-1	-1	
1	4	20	23	-1	-1	
1	4	21	22	-1	-1	
1	4	26	25	-1	-1	
1	4	28	3	-1	-1	
1	4	30	17	-1	-1	
1	5	0	29	-1	-1	
1	5	1	6	-1	-1	
1	5	2	28	-1	-1	
1	5	3	13	-1	-1	
1	5	5	8	-1	-1	
1	5	11	7	-1	-1	
1	5	12	15	-1	-1	
1	5	14	9	-1	-1	
1	5	18	17	-1	-1	
1	5	19	30	-1	-1	
1	5	22	20	-1	-1	
1	5	23	21	-1	-1	
1	5	25	4	-1	-1	
1	5	26	24	-1	-1	
1	5	27	10	-1	-1	
1	5	31	16	-1	-1	
1	6	1	12	-1	-1	
1	6	2	15	-1	-1	
1	6	4	5	-1	-1	
1	6	6	16	-1	-1	
1	6	7	9	-1	-1	
1	6	10	26	-1	-1	
1	6	13	14	-1	-1	
1	6	17	3	-1	-1	
1	6	20	8	-1	-1	
1	6	21	11	-1	-1	
1	6	22	18	-1	-1	
1	6	24	30	-1	-1	
1	6	27	25	-1	-1	
1	6	28	19	-1	-1	
1	7	0	3	-1	-1	
1	7	5	11	-1	-1	
1	7	6	12	-1	-1	
1	7	10	9	-1	-1	
1	7	13	21	-1	-1	
1	7	14	23	-1	-1	
1	7	16	27	-1	-1	
1	7	19	4	-1	-1	
1	7	25	28	-1	-1	
1	7	26	22	-1	-1	
1	7	29	2	-1	-1	
1	7	30	18	-1	-1	
1	7	31	20	-1	-1	
1	8	2	1	-1	-1	
1	8	3	7	-1	-1	
1	8	8	11	-1	-1	
1	8	10	0	-1	-1	
1	8	12	14	-1	-1	
1	8	15	20	-1	-1	
1	8	16	5	-1	-1	
1	8	17	24	-1	-1	
1	8	18	6	-1	-1	
1	8	19	26	-1	-1	
1	8	22	13	-1	-1	
1	8	23	25	-1	-1	
1	8	27	21	-1	-1	
1	8	28	31	-1	-1	
1	8	30	29	-1	-1	
1	9	0	14	-1	-1	
1	9	1	15	-1	-1	
1	9	3	30	-1	-1	
1	9	4	18	-1	-1	
1	9	5	17	-1	-1	
1	9	7	19	-1	-1	
1	9	11	10	-1	-1	
1	9	12	22	-1	-1	
1	9	13	2	-1	-1	
1	9	21	23	-1	-1	
1	9	24	9	-1	-1	
1	9	25	8	-1	-1	
1	9	27	6	-1	-1	
1	9	29	31	-1	-1	
1	10	1	0	-1	-1	
1	10	6	4	-1	-1	
1	10	9	2	-1	-1	
1	10	11	3	-1	-1	
1	10	15	14	-1	-1	
1	10	19	5	-1	-1	
1	10	20	27	-1	-1	
1	10	22	23	-1	-1	
1	10	24	7	-1	-1	
1	10	26	8	-1	-1	
1	10	28	16	-1	-1	
1	10	29	17	-1	-1	
1	10	30	21	-1	-1	
1	10	31	12	-1	-1	
1	11	2	0	-1	-1	
1	11	3	29	-1	-1	
1	11	8	7	-1	-1	
1	11	9	25	-1	-1	
1	11	10	4	-1	-1	
1	11	13	12	-1	-1	
1	11	14	1	-1	-1	
1	11	16	30	-1	-1	
1	11	17	6	-1	-1	
1	11	18	28	-1	-1	
1	11	21	20	-1	-1	
1	11	23	15	-1	-1	
1	11	26	11	-1	-1	
1	11	27	24	-1	-1	
1	11	31	19	-1	-1	
1	12	0	13	-1	-1	
1	12	1	31	-1	-1	
1	12	4	17	-1	-1	
1	12	7	5	-1	-1	
1	12	8	10	-1	-1	
1	12	11	9	-1	-1	
1	12	12	3	-1	-1	
1	12	19	18	-1	-1	
1	12	20	16	-1	-1	
1	12	22	27	-1	-1	
1	12	24	23	-1	-1	
1	12	25	26	-1	-1	
1	12	28	14	-1	-1	
1	12	29	15	-1	-1	
1	12	30	2	-1	-1	
1	13	3	1	-1	-1	
1	13	5	6	-1	-1	
1	13	7	10	-1	-1	
1	13	9	8	-1	-1	
1	13	14	13	-1	-1	
1	13	15	22	-1	-1	
1	13	16	4	-1	-1	
1	13	17	31	-1	-1	
1	13	18	2	-1	-1	
1	13	19	0	-1	-1	
1	13	21	25	-1	-1	
1	13	23	20	-1	-1	
1	13	24	26	-1	-1	
1	13	28	29	-1	-1	
1	14	1	28	-1	-1	
1	14	4	6	-1	-1	
1	14	8	24	-1	-1	
1	14	9	11	-1	-1	
1	14	15	12	-1	-1	
1	14	17	16	-1	-1	
1	14	18	7	-1	-1	
1	14	20	13	-1	-1	
1	14	22	21	-1	-1	
1	14	23	10	-1	-1	
1	14	25	27	-1	-1	
1	14	26	5	-1	-1	
1	14	29	30	-1	-1	
1	14	31	0	-1	-1	
1	15	0	2	-1	-1	
1	15	3	14	-1	-1	
1	15	4	11	-1	-1	
1	15	6	7	-1	-1	
1	15	10	5	-1	-1	
1	15	12	8	-1	-1	
1	15	13	15	-1	-1	
1	15	16	19	-1	-1	
1	15	17	18	-1	-1	
1	15	20	22	-1	-1	
1	15	21	26	-1	-1	
1	15	24	25	-1	-1	
1	15	27	9	-1	-1	
1	15	29	23	-1	-1	
1	15	30	1	-1	-1	
1	15	31	28	-1	-1	
1	16	1	3	-1	-1	
1	16	2	31	-1	-1	
1	16	5	4	-1	-1	
1	16	7	13	-1	-1	
1	16	8	6	-1	-1	
1	16	9	10	-1	-1	
1	16	11	27	-1	-1	
1	16	14	21	-1	-1	
1	16	15	0	-1	-1	
1	16	16	17	-1	-1	
1	16	18	19	-1	-1	
1	16	22	24	-1	-1	
1	16	23	12	-1	-1	
1	16	25	20	-1	-1	
1	16	26	29	-1	-1	
1	16	28	30	-1	-1	
1	17	2	12	-1	-1	
1	17	4	14	-1	-1	
1	17	5	7	-1	-1	
1	17	6	10	-1	-1	
1	17	11	8	-1	-1	
1	17	13	23	-1	-1	
1	17	15	3	-1	-1	
1	17	18	25	-1	-1	
1	17	19	16	-1	-1	
1	17	21	17	-1	-1	
1	17	22	9	-1	-1	
1	17	24	27	-1	-1	
1	17	26	20	-1	-1	
1	17	28	0	-1	-1	
1	17	29	1	-1	-1	
1	17	30	31	-1	-1	
1	18	0	1	-1	-1	
1	18	3	2	-1	-1	
1	18	6	5	-1	-1	
1	18	7	4	-1	-1	
1	18	8	9	-1	-1	
1	18	10	11	-1	-1	
1	18	12	13	-1	-1	
1	18	14	15	-1	-1	
1	18	16	18	-1	-1	
1	18	17	19	-1	-1	
1	18	20	21	-1	-1	
1	18	23	22	-1	-1	
1	18	25	24	-1	-1	
1	18	27	26	-1	-1	
1	18	30	28	-1	-1	
1	18	31	29	-1	-1	
2	1	3	1	-1	-1	
2	1	5	26	-1	-1	
2	1	7	24	-1	-1	
2	1	8	18	-1	-1	
2	1	10	11	-1	-1	
2	1	12	9	-1	-1	
2	1	13	4	-1	-1	
2	1	15	6	-1	-1	
2	1	20	2	-1	-1	
2	1	21	0	-1	-1	
2	1	23	30	-1	-1	
2	1	25	16	-1	-1	
2	1	27	17	-1	-1	
2	1	28	14	-1	-1	
2	1	29	22	-1	-1	
2	1	31	19	-1	-1	
2	2	0	20	-1	-1	
2	2	1	15	-1	-1	
2	2	4	12	-1	-1	
2	2	5	3	-1	-1	
2	2	6	13	-1	-1	
2	2	9	10	-1	-1	
2	2	11	8	-1	-1	
2	2	14	29	-1	-1	
2	2	17	16	-1	-1	
2	2	19	18	-1	-1	
2	2	22	2	-1	-1	
2	2	23	27	-1	-1	
2	2	25	7	-1	-1	
2	2	26	24	-1	-1	
2	2	28	21	-1	-1	
2	2	30	31	-1	-1	
2	3	2	0	-1	-1	
2	3	7	6	-1	-1	
2	3	8	5	-1	-1	
2	3	10	4	-1	-1	
2	3	13	30	-1	-1	
2	3	14	12	-1	-1	
2	3	16	22	-1	-1	
2	3	17	26	-1	-1	
2	3	18	1	-1	-1	
2	3	19	11	-1	-1	
2	3	20	28	-1	-1	
2	3	21	3	-1	-1	
2	3	24	9	-1	-1	
2	3	27	25	-1	-1	
2	3	29	15	-1	-1	
2	3	31	23	-1	-1	
2	4	0	8	-1	-1	
2	4	1	9	-1	-1	
2	4	2	10	-1	-1	
2	4	3	14	-1	-1	
2	4	4	7	-1	-1	
2	4	6	27	-1	-1	
2	4	12	31	-1	-1	
2	4	13	5	-1	-1	
2	4	15	28	-1	-1	
2	4	16	11	-1	-1	
2	4	18	25	-1	-1	
2	4	20	23	-1	-1	
2	4	21	22	-1	-1	
2	4	24	17	-1	-1	
2	4	26	19	-1	-1	
2	4	30	29	-1	-1	
2	5	0	3	-1	-1	
2	5	2	13	-1	-1	
2	5	5	12	-1	-1	
2	5	8	17	-1	-1	
2	5	9	6	-1	-1	
2	5	10	16	-1	-1	
2	5	11	1	-1	-1	
2	5	15	7	-1	-1	
2	5	19	24	-1	-1	
2	5	22	20	-1	-1	
2	5	23	21	-1	-1	
2	5	26	25	-1	-1	
2	5	27	18	-1	-1	
2	5	29	4	-1	-1	
2	5	30	28	-1	-1	
2	5	31	14	-1	-1	
2	6	1	2	-1	-1	
2	6	4	5	-1	-1	
2	6	6	24	-1	-1	
2	6	7	13	-1	-1	
2	6	9	0	-1	-1	
2	6	10	3	-1	-1	
2	6	14	30	-1	-1	
2	6	16	27	-1	-1	
2	6	20	12	-1	-1	
2	6	21	15	-1	-1	
2	6	22	26	-1	-1	
2	6	25	11	-1	-1	
2	6	28	18	-1	-1	
2	6	31	29	-1	-1	
2	7	1	21	-1	-1	
2	7	2	23	-1	-1	
2	7	5	15	-1	-1	
2	7	6	0	-1	-1	
2	7	8	11	-1	-1	
2	7	14	13	-1	-1	
2	7	17	10	-1	-1	
2	7	18	26	-1	-1	
2	7	19	20	-1	-1	
2	7	24	31	-1	-1	
2	7	27	4	-1	-1	
2	7	29	16	-1	-1	
2	7	30	22	-1	-1	
2	8	0	2	-1	-1	
2	8	3	20	-1	-1	
2	8	10	9	-1	-1	
2	8	11	7	-1	-1	
2	8	12	15	-1	-1	
2	8	14	8	-1	-1	
2	8	16	19	-1	-1	
2	8	18	17	-1	-1	
2	8	22	1	-1	-1	
2	8	23	29	-1	-1	
2	8	24	5	-1	-1	
2	8	25	28	-1	-1	
2	8	26	6	-1	-1	
2	8	27	30	-1	-1	
2	8	31	21	-1	-1	
2	9	0	22	-1	-1	
2	9	1	10	-1	-1	
2	9	4	26	-1	-1	
2	9	5	25	-1	-1	
2	9	7	27	-1	-1	
2	9	8	2	-1	-1	
2	9	9	3	-1	-1	
2	9	11	18	-1	-1	
2	9	15	14	-1	-1	
2	9	17	19	-1	-1	
2	9	21	23	-1	-1	
2	9	28	13	-1	-1	
2	9	29	12	-1	-1	
2	9	31	6	-1	-1	
2	10	3	2	-1	-1	
2	10	6	4	-1	-1	
2	10	9	8	-1	-1	
2	10	13	10	-1	-1	
2	10	15	11	-1	-1	
2	10	16	24	-1	-1	
2	10	17	25	-1	-1	
2	10	18	21	-1	-1	
2	10	19	0	-1	-1	
2	10	20	31	-1	-1	
2	10	22	23	-1	-1	
2	10	27	5	-1	-1	
2	10	28	7	-1	-1	
2	10	30	12	-1	-1	
2	11	1	0	-1	-1	
2	11	2	9	-1	-1	
2	11	10	8	-1	-1	
2	11	11	17	-1	-1	
2	11	12	7	-1	-1	
2	11	13	29	-1	-1	
2	11	14	4	-1	-1	
2	11	19	27	-1	-1	
2	11	21	20	-1	-1	
2	11	23	3	-1	-1	
2	11	24	18	-1	-1	
2	11	25	6	-1	-1	
2	11	26	16	-1	-1	
2	11	30	15	-1	-1	
2	11	31	28	-1	-1	
2	12	0	11	-1	-1	
2	12	4	25	-1	-1	
2	12	7	5	-1	-1	
2	12	8	1	-1	-1	
2	12	9	19	-1	-1	
2	12	12	14	-1	-1	
2	12	15	13	-1	-1	
2	12	16	2	-1	-1	
2	12	17	3	-1	-1	
2	12	18	10	-1	-1	
2	12	20	24	-1	-1	
2	12	22	31	-1	-1	
2	12	27	26	-1	-1	
2	12	28	23	-1	-1	
2	12	29	30	-1	-1	
2	13	2	1	-1	-1	
2	13	3	22	-1	-1	
2	13	5	6	-1	-1	
2	13	7	14	-1	-1	
2	13	11	9	-1	-1	
2	13	13	12	-1	-1	
2	13	16	17	-1	-1	
2	13	21	29	-1	-1	
2	13	23	20	-1	-1	
2	13	24	4	-1	-1	
2	13	25	19	-1	-1	
2	13	26	10	-1	-1	
2	13	27	8	-1	-1	
2	13	28	30	-1	-1	
2	14	3	0	-1	-1	
2	14	4	6	-1	-1	
2	14	9	16	-1	-1	
2	14	12	28	-1	-1	
2	14	13	15	-1	-1	
2	14	17	18	-1	-1	
2	14	19	8	-1	-1	
2	14	20	1	-1	-1	
2	14	22	21	-1	-1	
2	14	23	14	-1	-1	
2	14	25	24	-1	-1	
2	14	26	7	-1	-1	
2	14	29	31	-1	-1	
2	14	30	5	-1	-1	
2	15	0	12	-1	-1	
2	15	1	3	-1	-1	
2	15	4	15	-1	-1	
2	15	6	7	-1	-1	
2	15	8	10	-1	-1	
2	15	11	2	-1	-1	
2	15	14	5	-1	-1	
2	15	17	23	-1	-1	
2	15	18	9	-1	-1	
2	15	19	16	-1	-1	
2	15	20	22	-1	-1	
2	15	21	30	-1	-1	
2	15	24	27	-1	-1	
2	15	25	26	-1	-1	
2	15	28	29	-1	-1	
2	15	31	13	-1	-1	
2	16	2	21	-1	-1	
2	16	3	8	-1	-1	
2	16	5	4	-1	-1	
2	16	7	1	-1	-1	
2	16	9	11	-1	-1	
2	16	10	19	-1	-1	
2	16	12	6	-1	-1	
2	16	13	14	-1	-1	
2	16	15	31	-1	-1	
2	16	16	18	-1	-1	
2	16	22	28	-1	-1	
2	16	23	0	-1	-1	
2	16	24	25	-1	-1	
2	16	26	27	-1	-1	
2	16	29	20	-1	-1	
2	16	30	17	-1	-1	
2	17	1	23	-1	-1	
2	17	3	11	-1	-1	
2	17	4	2	-1	-1	
2	17	5	7	-1	-1	
2	17	6	14	-1	-1	
2	17	10	0	-1	-1	
2	17	15	12	-1	-1	
2	17	16	8	-1	-1	
2	17	17	9	-1	-1	
2	17	18	19	-1	-1	
2	17	21	25	-1	-1	
2	17	22	13	-1	-1	
2	17	26	29	-1	-1	
2	17	27	24	-1	-1	
2	17	28	31	-1	-1	
2	17	30	20	-1	-1	
2	18	0	1	-1	-1	
2	18	2	3	-1	-1	
2	18	6	5	-1	-1	
2	18	7	4	-1	-1	
2	18	8	9	-1	-1	
2	18	11	10	-1	-1	
2	18	12	13	-1	-1	
2	18	14	15	-1	-1	
2	18	18	16	-1	-1	
2	18	19	17	-1	-1	
2	18	20	21	-1	-1	
2	18	23	22	-1	-1	
2	18	24	26	-1	-1	
2	18	25	27	-1	-1	
2	18	29	28	-1	-1	
2	18	31	30	-1	-1	
3	1	1	3	-1	-1	
3	1	2	25	-1	-1	
3	1	7	6	-1	-1	
3	1	10	29	-1	-1	
3	1	11	28	-1	-1	
3	1	12	0	-1	-1	
3	1	14	8	-1	-1	
3	1	15	9	-1	-1	
3	1	16	13	-1	-1	
3	1	18	21	-1	-1	
3	1	19	27	-1	-1	
3	1	20	5	-1	-1	
3	1	22	4	-1	-1	
3	1	23	17	-1	-1	
3	1	30	24	-1	-1	
3	1	31	26	-1	-1	
3	2	0	1	-1	-1	
3	2	3	2	-1	-1	
3	2	4	20	-1	-1	
3	2	6	15	-1	-1	
3	2	8	12	-1	-1	
3	2	9	14	-1	-1	
3	2	10	7	-1	-1	
3	2	13	18	-1	-1	
3	2	16	22	-1	-1	
3	2	17	19	-1	-1	
3	2	21	5	-1	-1	
3	2	23	31	-1	-1	
3	2	26	24	-1	-1	
3	2	27	25	-1	-1	
3	2	29	28	-1	-1	
3	2	30	11	-1	-1	
3	3	1	8	-1	-1	
3	3	2	10	-1	-1	
3	3	5	4	-1	-1	
3	3	11	9	-1	-1	
3	3	13	12	-1	-1	
3	3	14	17	-1	-1	
3	3	18	15	-1	-1	
3	3	19	23	-1	-1	
3	3	20	16	-1	-1	
3	3	22	7	-1	-1	
3	3	24	21	-1	-1	
3	3	25	6	-1	-1	
3	3	26	29	-1	-1	
3	3	27	3	-1	-1	
3	3	28	0	-1	-1	
3	3	31	30	-1	-1	
3	4	4	2	-1	-1	
3	4	5	1	-1	-1	
3	4	6	0	-1	-1	
3	4	7	13	-1	-1	
3	4	8	11	-1	-1	
3	4	9	31	-1	-1	
3	4	12	19	-1	-1	
3	4	14	10	-1	-1	
3	4	15	16	-1	-1	
3	4	17	18	-1	-1	
3	4	20	23	-1	-1	
3	4	22	21	-1	-1	
3	4	24	3	-1	-1	
3	4	25	30	-1	-1	
3	4	28	26	-1	-1	
3	4	29	27	-1	-1	
3	5	0	9	-1	-1	
3	5	1	24	-1	-1	
3	5	2	26	-1	-1	
3	5	3	6	-1	-1	
3	5	4	7	-1	-1	
3	5	5	14	-1	-1	
3	5	10	12	-1	-1	
3	5	15	11	-1	-1	
3	5	17	16	-1	-1	
3	5	18	8	-1	-1	
3	5	19	13	-1	-1	
3	5	21	20	-1	-1	
3	5	23	22	-1	-1	
3	5	27	28	-1	-1	
3	5	29	30	-1	-1	
3	5	31	25	-1	-1	
3	6	0	4	-1	-1	
3	6	1	7	-1	-1	
3	6	6	5	-1	-1	
3	6	8	10	-1	-1	
3	6	9	28	-1	-1	
3	6	11	14	-1	-1	
3	6	13	17	-1	-1	
3	6	16	25	-1	-1	
3	6	19	18	-1	-1	
3	6	20	12	-1	-1	
3	6	21	29	-1	-1	
3	6	22	15	-1	-1	
3	6	24	31	-1	-1	
3	6	30	3	-1	-1	
3	7	2	3	-1	-1	
3	7	5	23	-1	-1	
3	7	6	22	-1	-1	
3	7	9	4	-1	-1	
3	7	10	15	-1	-1	
3	7	13	14	-1	-1	
3	7	17	21	-1	-1	
3	7	18	24	-1	-1	
3	7	25	29	-1	-1	
3	7	26	1	-1	-1	
3	7	27	20	-1	-1	
3	7	28	19	-1	-1	
3	7	31	8	-1	-1	
3	8	1	0	-1	-1	
3	8	3	11	-1	-1	
3	8	4	5	-1	-1	
3	8	7	20	-1	-1	
3	8	12	15	-1	-1	
3	8	13	2	-1	-1	
3	8	19	22	-1	-1	
3	8	21	6	-1	-1	
3	8	23	18	-1	-1	
3	8	24	27	-1	-1	
3	8	25	26	-1	-1	
3	8	28	10	-1	-1	
3	8	29	9	-1	-1	
3	8	30	16	-1	-1	
3	8	31	17	-1	-1	
3	9	0	7	-1	-1	
3	9	2	5	-1	-1	
3	9	3	25	-1	-1	
3	9	4	21	-1	-1	
3	9	6	1	-1	-1	
3	9	8	29	-1	-1	
3	9	10	30	-1	-1	
3	9	11	31	-1	-1	
3	9	15	13	-1	-1	
3	9	16	14	-1	-1	
3	9	18	12	-1	-1	
3	9	19	9	-1	-1	
3	9	22	23	-1	-1	
3	9	26	27	-1	-1	
3	10	0	2	-1	-1	
3	10	7	5	-1	-1	
3	10	9	8	-1	-1	
3	10	14	1	-1	-1	
3	10	15	3	-1	-1	
3	10	16	11	-1	-1	
3	10	17	12	-1	-1	
3	10	20	19	-1	-1	
3	10	21	23	-1	-1	
3	10	24	28	-1	-1	
3	10	25	22	-1	-1	
3	10	26	30	-1	-1	
3	10	27	4	-1	-1	
3	10	31	10	-1	-1	
3	11	1	2	-1	-1	
3	11	3	26	-1	-1	
3	11	5	0	-1	-1	
3	11	6	4	-1	-1	
3	11	12	11	-1	-1	
3	11	13	8	-1	-1	
3	11	14	18	-1	-1	
3	11	17	15	-1	-1	
3	11	19	16	-1	-1	
3	11	22	20	-1	-1	
3	11	23	7	-1	-1	
3	11	27	31	-1	-1	
3	11	28	25	-1	-1	
3	11	29	24	-1	-1	
3	11	30	9	-1	-1	
3	12	0	27	-1	-1	
3	12	2	6	-1	-1	
3	12	4	3	-1	-1	
3	12	8	30	-1	-1	
3	12	11	10	-1	-1	
3	12	12	13	-1	-1	
3	12	15	14	-1	-1	
3	12	16	23	-1	-1	
3	12	18	17	-1	-1	
3	12	20	28	-1	-1	
3	12	21	19	-1	-1	
3	12	24	5	-1	-1	
3	12	25	1	-1	-1	
3	12	26	7	-1	-1	
3	12	31	29	-1	-1	
3	13	3	0	-1	-1	
3	13	5	6	-1	-1	
3	13	7	21	-1	-1	
3	13	10	9	-1	-1	
3	13	11	13	-1	-1	
3	13	14	12	-1	-1	
3	13	16	17	-1	-1	
3	13	22	18	-1	-1	
3	13	23	20	-1	-1	
3	13	24	26	-1	-1	
3	13	28	8	-1	-1	
3	13	29	1	-1	-1	
3	13	30	27	-1	-1	
3	13	31	2	-1	-1	
3	14	0	24	-1	-1	
3	14	7	4	-1	-1	
3	14	8	9	-1	-1	
3	14	12	16	-1	-1	
3	14	14	15	-1	-1	
3	14	17	10	-1	-1	
3	14	18	19	-1	-1	
3	14	20	6	-1	-1	
3	14	21	22	-1	-1	
3	14	23	13	-1	-1	
3	14	26	25	-1	-1	
3	14	27	2	-1	-1	
3	14	29	11	-1	-1	
3	14	30	28	-1	-1	
3	15	2	1	-1	-1	
3	15	3	5	-1	-1	
3	15	4	12	-1	-1	
3	15	6	7	-1	-1	
3	15	8	15	-1	-1	
3	15	9	11	-1	-1	
3	15	13	10	-1	-1	
3	15	16	18	-1	-1	
3	15	19	14	-1	-1	
3	15	20	21	-1	-1	
3	15	22	17	-1	-1	
3	15	25	0	-1	-1	
3	15	26	23	-1	-1	
3	15	27	24	-1	-1	
3	15	28	31	-1	-1	
3	15	30	29	-1	-1	
3	16	0	3	-1	-1	
3	16	1	27	-1	-1	
3	16	5	22	-1	-1	
3	16	7	2	-1	-1	
3	16	10	8	-1	-1	
3	16	11	6	-1	-1	
3	16	12	9	-1	-1	
3	16	14	13	-1	-1	
3	16	15	19	-1	-1	
3	16	17	26	-1	-1	
3	16	18	20	-1	-1	
3	16	21	16	-1	-1	
3	16	23	4	-1	-1	
3	16	24	25	-1	-1	
3	16	28	30	-1	-1	
3	16	29	31	-1	-1	
3	17	1	4	-1	-1	
3	17	6	23	-1	-1	
3	17	7	3	-1	-1	
3	17	8	5	-1	-1	
3	17	9	13	-1	-1	
3	17	10	11	-1	-1	
3	17	15	12	-1	-1	
3	17	16	19	-1	-1	
3	17	17	20	-1	-1	
3	17	21	14	-1	-1	
3	17	22	30	-1	-1	
3	17	24	2	-1	-1	
3	17	25	27	-1	-1	
3	17	26	0	-1	-1	
3	17	29	18	-1	-1	
3	17	31	28	-1	-1	
3	18	2	0	-1	-1	
3	18	3	1	-1	-1	
3	18	4	6	-1	-1	
3	18	5	7	-1	-1	
3	18	9	10	-1	-1	
3	18	11	8	-1	-1	
3	18	12	14	-1	-1	
3	18	13	15	-1	-1	
3	18	18	16	-1	-1	
3	18	19	17	-1	-1	
3	18	20	22	-1	-1	
3	18	23	21	-1	-1	
3	18	25	24	-1	-1	
3	18	27	26	-1	-1	
3	18	28	29	-1	-1	
3	18	30	31	-1	-1	
4	1	2	0	-1	-1	
4	1	4	11	-1	-1	
4	1	6	9	-1	-1	
4	1	7	12	-1	-1	
4	1	8	21	-1	-1	
4	1	10	23	-1	-1	
4	1	13	14	-1	-1	
4	1	15	25	-1	-1	
4	1	16	3	-1	-1	
4	1	18	29	-1	-1	
4	1	19	1	-1	-1	
4	1	20	27	-1	-1	
4	1	22	24	-1	-1	
4	1	28	17	-1	-1	
4	1	30	26	-1	-1	
4	1	31	5	-1	-1	
4	2	0	6	-1	-1	
4	2	3	19	-1	-1	
4	2	5	28	-1	-1	
4	2	8	2	-1	-1	
4	2	9	4	-1	-1	
4	2	11	7	-1	-1	
4	2	12	13	-1	-1	
4	2	14	15	-1	-1	
4	2	17	1	-1	-1	
4	2	18	22	-1	-1	
4	2	20	10	-1	-1	
4	2	21	23	-1	-1	
4	2	24	27	-1	-1	
4	2	26	25	-1	-1	
4	2	29	30	-1	-1	
4	2	31	16	-1	-1	
4	3	1	3	-1	-1	
4	3	4	29	-1	-1	
4	3	5	7	-1	-1	
4	3	10	9	-1	-1	
4	3	13	11	-1	-1	
4	3	15	8	-1	-1	
4	3	16	2	-1	-1	
4	3	19	31	-1	-1	
4	3	22	20	-1	-1	
4	3	23	12	-1	-1	
4	3	24	21	-1	-1	
4	3	25	0	-1	-1	
4	3	26	14	-1	-1	
4	3	27	17	-1	-1	
4	3	28	6	-1	-1	
4	3	30	18	-1	-1	
4	4	0	12	-1	-1	
4	4	1	13	-1	-1	
4	4	2	5	-1	-1	
4	4	3	15	-1	-1	
4	4	4	8	-1	-1	
4	4	6	31	-1	-1	
4	4	7	30	-1	-1	
4	4	9	22	-1	-1	
4	4	11	10	-1	-1	
4	4	16	17	-1	-1	
4	4	19	18	-1	-1	
4	4	21	26	-1	-1	
4	4	23	24	-1	-1	
4	4	25	20	-1	-1	
4	4	27	14	-1	-1	
4	4	29	28	-1	-1	
4	5	1	4	-1	-1	
4	5	3	2	-1	-1	
4	5	6	10	-1	-1	
4	5	8	7	-1	-1	
4	5	12	9	-1	-1	
4	5	13	27	-1	-1	
4	5	14	0	-1	-1	
4	5	15	24	-1	-1	
4	5	17	19	-1	-1	
4	5	18	16	-1	-1	
4	5	21	20	-1	-1	
4	5	22	25	-1	-1	
4	5	26	23	-1	-1	
4	5	28	11	-1	-1	
4	5	29	31	-1	-1	
4	5	30	5	-1	-1	
4	6	0	1	-1	-1	
4	6	5	29	-1	-1	
4	6	9	23	-1	-1	
4	6	10	4	-1	-1	
4	6	11	8	-1	-1	
4	6	12	3	-1	-1	
4	6	13	2	-1	-1	
4	6	16	6	-1	-1	
4	6	17	21	-1	-1	
4	6	19	7	-1	-1	
4	6	20	14	-1	-1	
4	6	27	22	-1	-1	
4	6	30	28	-1	-1	
4	6	31	25	-1	-1	
4	7	0	16	-1	-1	
4	7	1	18	-1	-1	
4	7	5	4	-1	-1	
4	7	8	6	-1	-1	
4	7	9	3	-1	-1	
4	7	15	14	-1	-1	
4	7	22	11	-1	-1	
4	7	23	30	-1	-1	
4	7	24	13	-1	-1	
4	7	25	21	-1	-1	
4	7	26	19	-1	-1	
4	7	28	27	-1	-1	
4	7	29	17	-1	-1	
4	8	2	19	-1	-1	
4	8	3	1	-1	-1	
4	8	5	15	-1	-1	
4	8	7	6	-1	-1	
4	8	13	12	-1	-1	
4	8	14	10	-1	-1	
4	8	17	0	-1	-1	
4	8	18	28	-1	-1	
4	8	20	31	-1	-1	
4	8	21	9	-1	-1	
4	8	22	29	-1	-1	
4	8	23	8	-1	-1	
4	8	25	24	-1	-1	
4	8	27	26	-1	-1	
4	8	30	16	-1	-1	
4	9	0	13	-1	-1	
4	9	3	17	-1	-1	
4	9	6	5	-1	-1	
4	9	8	20	-1	-1	
4	9	10	22	-1	-1	
4	9	11	21	-1	-1	
4	9	12	2	-1	-1	
4	9	14	25	-1	-1	
4	9	15	1	-1	-1	
4	9	16	18	-1	-1	
4	9	24	26	-1	-1	
4	9	28	7	-1	-1	
4	9	30	9	-1	-1	
4	9	31	4	-1	-1	
4	10	2	1	-1	-1	
4	10	4	13	-1	-1	
4	10	6	14	-1	-1	
4	10	9	11	-1	-1	
4	10	12	15	-1	-1	
4	10	17	18	-1	-1	
4	10	19	30	-1	-1	
4	10	22	8	-1	-1	
4	10	24	20	-1	-1	
4	10	25	16	-1	-1	
4	10	26	3	-1	-1	
4	10	27	23	-1	-1	
4	10	29	7	-1	-1	
4	10	31	10	-1	-1	
4	11	0	3	-1	-1	
4	11	1	12	-1	-1	
4	11	4	28	-1	-1	
4	11	5	11	-1	-1	
4	11	7	10	-1	-1	
4	11	13	15	-1	-1	
4	11	14	24	-1	-1	
4	11	16	19	-1	-1	
4	11	18	2	-1	-1	
4	11	20	9	-1	-1	
4	11	21	27	-1	-1	
4	11	23	25	-1	-1	
4	11	26	22	-1	-1	
4	11	29	6	-1	-1	
4	11	30	31	-1	-1	
4	12	3	14	-1	-1	
4	12	6	4	-1	-1	
4	12	7	5	-1	-1	
4	12	10	8	-1	-1	
4	12	11	20	-1	-1	
4	12	12	26	-1	-1	
4	12	15	0	-1	-1	
4	12	17	30	-1	-1	
4	12	19	23	-1	-1	
4	12	22	21	-1	-1	
4	12	24	2	-1	-1	
4	12	25	13	-1	-1	
4	12	27	1	-1	-1	
4	12	28	29	-1	-1	
4	12	31	18	-1	-1	
4	13	1	0	-1	-1	
4	13	2	17	-1	-1	
4	13	4	7	-1	-1	
4	13	8	9	-1	-1	
4	13	10	5	-1	-1	
4	13	14	12	-1	-1	
4	13	16	28	-1	-1	
4	13	18	19	-1	-1	
4	13	20	26	-1	-1	
4	13	21	13	-1	-1	
4	13	22	15	-1	-1	
4	13	23	11	-1	-1	
4	13	27	24	-1	-1	
4	13	31	29	-1	-1	
4	14	2	3	-1	-1	
4	14	4	6	-1	-1	
4	14	7	31	-1	-1	
4	14	11	9	-1	-1	
4	14	12	27	-1	-1	
4	14	17	16	-1	-1	
4	14	18	5	-1	-1	
4	14	19	0	-1	-1	
4	14	20	23	-1	-1	
4	14	21	10	-1	-1	
4	14	24	25	-1	-1	
4	14	26	15	-1	-1	
4	14	28	30	-1	-1	
4	14	29	8	-1	-1	
4	15	0	2	-1	-1	
4	15	3	7	-1	-1	
4	15	5	8	-1	-1	
4	15	9	10	-1	-1	
4	15	11	6	-1	-1	
4	15	14	1	-1	-1	
4	15	15	13	-1	-1	
4	15	16	29	-1	-1	
4	15	19	17	-1	-1	
4	15	20	21	-1	-1	
4	15	23	22	-1	-1	
4	15	24	18	-1	-1	
4	15	25	12	-1	-1	
4	15	26	27	-1	-1	
4	15	30	4	-1	-1	
4	15	31	28	-1	-1	
4	16	1	16	-1	-1	
4	16	2	15	-1	-1	
4	16	4	5	-1	-1	
4	16	6	30	-1	-1	
4	16	7	9	-1	-1	
4	16	8	11	-1	-1	
4	16	10	0	-1	-1	
4	16	12	14	-1	-1	
4	16	13	26	-1	-1	
4	16	17	31	-1	-1	
4	16	18	3	-1	-1	
4	16	21	22	-1	-1	
4	16	23	20	-1	-1	
4	16	27	25	-1	-1	
4	16	28	19	-1	-1	
4	16	29	24	-1	-1	
4	17	0	18	-1	-1	
4	17	2	14	-1	-1	
4	17	6	7	-1	-1	
4	17	8	10	-1	-1	
4	17	9	5	-1	-1	
4	17	11	1	-1	-1	
4	17	13	3	-1	-1	
4	17	16	20	-1	-1	
4	17	17	4	-1	-1	
4	17	21	28	-1	-1	
4	17	22	23	-1	-1	
4	17	24	12	-1	-1	
4	17	25	26	-1	-1	
4	17	27	15	-1	-1	
4	17	29	19	-1	-1	
4	17	31	30	-1	-1	
4	18	1	2	-1	-1	
4	18	3	0	-1	-1	
4	18	5	6	-1	-1	
4	18	7	4	-1	-1	
4	18	9	8	-1	-1	
4	18	10	11	-1	-1	
4	18	14	13	-1	-1	
4	18	15	12	-1	-1	
4	18	18	17	-1	-1	
4	18	19	16	-1	-1	
4	18	20	22	-1	-1	
4	18	23	21	-1	-1	
4	18	25	27	-1	-1	
4	18	26	24	-1	-1	
4	18	28	31	-1	-1	
4	18	30	29	-1	-1	
5	1	1	19	-1	-1	
5	1	3	0	-1	-1	
5	1	4	15	-1	-1	
5	1	5	2	-1	-1	
5	1	6	13	-1	-1	
5	1	8	10	-1	-1	
5	1	12	25	-1	-1	
5	1	14	27	-1	-1	
5	1	20	31	-1	-1	
5	1	21	11	-1	-1	
5	1	22	9	-1	-1	
5	1	24	18	-1	-1	
5	1	26	17	-1	-1	
5	1	28	16	-1	-1	
5	1	29	7	-1	-1	
5	1	30	23	-1	-1	
5	2	0	1	-1	-1	
5	2	2	3	-1	-1	
5	2	7	30	-1	-1	
5	2	9	21	-1	-1	
5	2	10	4	-1	-1	
5	2	13	5	-1	-1	
5	2	14	8	-1	-1	
5	2	15	6	-1	-1	
5	2	16	19	-1	-1	
5	2	18	17	-1	-1	
5	2	20	24	-1	-1	
5	2	23	11	-1	-1	
5	2	26	12	-1	-1	
5	2	27	25	-1	-1	
5	2	29	22	-1	-1	
5	2	31	28	-1	-1	
5	3	1	14	-1	-1	
5	3	3	13	-1	-1	
5	3	6	31	-1	-1	
5	3	7	5	-1	-1	
5	3	11	9	-1	-1	
5	3	12	15	-1	-1	
5	3	16	0	-1	-1	
5	3	17	23	-1	-1	
5	3	18	27	-1	-1	
5	3	19	10	-1	-1	
5	3	21	29	-1	-1	
5	3	22	8	-1	-1	
5	3	24	26	-1	-1	
5	3	25	2	-1	-1	
5	3	28	20	-1	-1	
5	3	30	4	-1	-1	
5	4	4	29	-1	-1	
5	4	5	28	-1	-1	
5	4	6	14	-1	-1	
5	4	8	7	-1	-1	
5	4	9	1	-1	-1	
5	4	10	2	-1	-1	
5	4	11	3	-1	-1	
5	4	13	12	-1	-1	
5	4	15	24	-1	-1	
5	4	17	0	-1	-1	
5	4	19	26	-1	-1	
5	4	21	20	-1	-1	
5	4	22	23	-1	-1	
5	4	25	18	-1	-1	
5	4	27	16	-1	-1	
5	4	31	30	-1	-1	
5	5	0	10	-1	-1	
5	5	1	18	-1	-1	
5	5	2	15	-1	-1	
5	5	3	17	-1	-1	
5	5	4	12	-1	-1	
5	5	9	8	-1	-1	
5	5	11	6	-1	-1	
5	5	14	5	-1	-1	
5	5	16	25	-1	-1	
5	5	20	22	-1	-1	
5	5	23	21	-1	-1	
5	5	24	19	-1	-1	
5	5	27	26	-1	-1	
5	5	28	7	-1	-1	
5	5	30	13	-1	-1	
5	5	31	29	-1	-1	
5	6	2	9	-1	-1	
5	6	3	8	-1	-1	
5	6	7	31	-1	-1	
5	6	10	11	-1	-1	
5	6	12	6	-1	-1	
5	6	13	14	-1	-1	
5	6	15	25	-1	-1	
5	6	17	24	-1	-1	
5	6	21	5	-1	-1	
5	6	22	4	-1	-1	
5	6	23	27	-1	-1	
5	6	26	0	-1	-1	
5	6	28	30	-1	-1	
5	6	29	19	-1	-1	
5	7	1	0	-1	-1	
5	7	7	6	-1	-1	
5	7	10	22	-1	-1	
5	7	11	20	-1	-1	
5	7	14	4	-1	-1	
5	7	15	9	-1	-1	
5	7	16	21	-1	-1	
5	7	18	3	-1	-1	
5	7	19	27	-1	-1	
5	7	24	13	-1	-1	
5	7	25	28	-1	-1	
5	7	30	17	-1	-1	
5	7	31	23	-1	-1	
5	8	0	12	-1	-1	
5	8	3	2	-1	-1	
5	8	5	4	-1	-1	
5	8	7	1	-1	-1	
5	8	8	21	-1	-1	
5	8	9	11	-1	-1	
5	8	17	16	-1	-1	
5	8	19	18	-1	-1	
5	8	20	30	-1	-1	
5	8	23	10	-1	-1	
5	8	24	31	-1	-1	
5	8	25	14	-1	-1	
5	8	26	29	-1	-1	
5	8	27	15	-1	-1	
5	8	28	22	-1	-1	
5	9	0	19	-1	-1	
5	9	1	11	-1	-1	
5	9	2	8	-1	-1	
5	9	4	7	-1	-1	
5	9	9	23	-1	-1	
5	9	10	3	-1	-1	
5	9	12	24	-1	-1	
5	9	13	27	-1	-1	
5	9	14	26	-1	-1	
5	9	18	16	-1	-1	
5	9	22	20	-1	-1	
5	9	28	15	-1	-1	
5	9	29	6	-1	-1	
5	9	30	5	-1	-1	
5	10	2	1	-1	-1	
5	10	4	0	-1	-1	
5	10	6	3	-1	-1	
5	10	8	11	-1	-1	
5	10	15	13	-1	-1	
5	10	16	9	-1	-1	
5	10	17	25	-1	-1	
5	10	18	26	-1	-1	
5	10	19	22	-1	-1	
5	10	21	28	-1	-1	
5	10	23	20	-1	-1	
5	10	24	14	-1	-1	
5	10	29	12	-1	-1	
5	10	31	5	-1	-1	
5	11	0	18	-1	-1	
5	11	3	1	-1	-1	
5	11	5	12	-1	-1	
5	11	6	30	-1	-1	
5	11	7	13	-1	-1	
5	11	10	9	-1	-1	
5	11	11	2	-1	-1	
5	11	16	24	-1	-1	
5	11	20	8	-1	-1	
5	11	22	21	-1	-1	
5	11	25	19	-1	-1	
5	11	26	15	-1	-1	
5	11	27	17	-1	-1	
5	11	28	29	-1	-1	
5	11	31	4	-1	-1	
5	12	1	10	-1	-1	
5	12	2	16	-1	-1	
5	12	4	6	-1	-1	
5	12	5	7	-1	-1	
5	12	9	0	-1	-1	
5	12	12	14	-1	-1	
5	12	13	26	-1	-1	
5	12	17	11	-1	-1	
5	12	18	8	-1	-1	
5	12	19	3	-1	-1	
5	12	21	25	-1	-1	
5	12	23	28	-1	-1	
5	12	24	27	-1	-1	
5	12	29	20	-1	-1	
5	12	30	31	-1	-1	
5	13	0	2	-1	-1	
5	13	6	5	-1	-1	
5	13	8	23	-1	-1	
5	13	11	10	-1	-1	
5	13	12	7	-1	-1	
5	13	14	15	-1	-1	
5	13	17	18	-1	-1	
5	13	20	21	-1	-1	
5	13	22	30	-1	-1	
5	13	24	1	-1	-1	
5	13	25	13	-1	-1	
5	13	26	16	-1	-1	
5	13	27	3	-1	-1	
5	13	29	31	-1	-1	
5	14	2	17	-1	-1	
5	14	5	29	-1	-1	
5	14	6	4	-1	-1	
5	14	8	9	-1	-1	
5	14	13	15	-1	-1	
5	14	16	1	-1	-1	
5	14	18	19	-1	-1	
5	14	20	7	-1	-1	
5	14	21	10	-1	-1	
5	14	23	22	-1	-1	
5	14	26	25	-1	-1	
5	14	27	12	-1	-1	
5	14	30	28	-1	-1	
5	14	31	14	-1	-1	
5	15	0	11	-1	-1	
5	15	1	3	-1	-1	
5	15	7	14	-1	-1	
5	15	9	5	-1	-1	
5	15	10	8	-1	-1	
5	15	13	4	-1	-1	
5	15	15	12	-1	-1	
5	15	16	17	-1	-1	
5	15	18	20	-1	-1	
5	15	19	2	-1	-1	
5	15	21	23	-1	-1	
5	15	22	31	-1	-1	
5	15	25	24	-1	-1	
5	15	26	27	-1	-1	
5	15	28	6	-1	-1	
5	15	29	30	-1	-1	
5	16	2	0	-1	-1	
5	16	3	16	-1	-1	
5	16	4	28	-1	-1	
5	16	5	15	-1	-1	
5	16	6	7	-1	-1	
5	16	8	1	-1	-1	
5	16	11	22	-1	-1	
5	16	12	10	-1	-1	
5	16	14	13	-1	-1	
5	16	17	19	-1	-1	
5	16	20	9	-1	-1	
5	16	23	29	-1	-1	
5	16	25	26	-1	-1	
5	16	27	24	-1	-1	
5	16	30	21	-1	-1	
5	16	31	18	-1	-1	
5	17	3	9	-1	-1	
5	17	4	5	-1	-1	
5	17	8	0	-1	-1	
5	17	10	20	-1	-1	
5	17	13	11	-1	-1	
5	17	14	12	-1	-1	
5	17	15	7	-1	-1	
5	17	17	1	-1	-1	
5	17	18	2	-1	-1	
5	17	19	16	-1	-1	
5	17	22	26	-1	-1	
5	17	23	6	-1	-1	
5	17	24	25	-1	-1	
5	17	27	30	-1	-1	
5	17	29	28	-1	-1	
5	17	31	21	-1	-1	
5	18	0	3	-1	-1	
5	18	1	2	-1	-1	
5	18	5	6	-1	-1	
5	18	7	4	-1	-1	
5	18	9	10	-1	-1	
5	18	11	8	-1	-1	
5	18	12	13	-1	-1	
5	18	15	14	-1	-1	
5	18	16	18	-1	-1	
5	18	19	17	-1	-1	
5	18	20	23	-1	-1	
5	18	21	22	-1	-1	
5	18	25	27	-1	-1	
5	18	26	24	-1	-1	
5	18	28	31	-1	-1	
5	18	30	29	-1	-1	
6	1	1	3	-1	-1	
6	1	4	5	-1	-1	
6	1	6	16	-1	-1	
6	1	9	12	-1	-1	
6	1	10	7	-1	-1	
6	1	11	14	-1	-1	
6	1	13	22	-1	-1	
6	1	15	20	-1	-1	
6	1	21	19	-1	-1	
6	1	23	18	-1	-1	
6	1	25	17	-1	-1	
6	1	26	8	-1	-1	
6	1	27	28	-1	-1	
6	1	29	24	-1	-1	
6	1	30	0	-1	-1	
6	1	31	2	-1	-1	
6	2	2	30	-1	-1	
6	2	3	9	-1	-1	
6	2	5	6	-1	-1	
6	2	7	4	-1	-1	
6	2	8	27	-1	-1	
6	2	12	11	-1	-1	
6	2	14	10	-1	-1	
6	2	15	1	-1	-1	
6	2	17	16	-1	-1	
6	2	19	18	-1	-1	
6	2	20	22	-1	-1	
6	2	23	13	-1	-1	
6	2	24	25	-1	-1	
6	2	26	31	-1	-1	
6	2	28	0	-1	-1	
6	2	29	21	-1	-1	
6	3	0	2	-1	-1	
6	3	4	14	-1	-1	
6	3	6	15	-1	-1	
6	3	8	10	-1	-1	
6	3	11	24	-1	-1	
6	3	13	12	-1	-1	
6	3	16	3	-1	-1	
6	3	17	5	-1	-1	
6	3	18	28	-1	-1	
6	3	19	20	-1	-1	
6	3	21	23	-1	-1	
6	3	22	7	-1	-1	
6	3	25	29	-1	-1	
6	3	27	9	-1	-1	
6	3	30	26	-1	-1	
6	3	31	1	-1	-1	
6	4	0	4	-1	-1	
6	4	1	8	-1	-1	
6	4	2	6	-1	-1	
6	4	3	7	-1	-1	
6	4	9	26	-1	-1	
6	4	10	25	-1	-1	
6	4	11	15	-1	-1	
6	4	12	21	-1	-1	
6	4	14	13	-1	-1	
6	4	16	23	-1	-1	
6	4	18	5	-1	-1	
6	4	20	17	-1	-1	
6	4	22	19	-1	-1	
6	4	24	27	-1	-1	
6	4	30	29	-1	-1	
6	4	31	28	-1	-1	
6	5	0	11	-1	-1	
6	5	2	1	-1	-1	
6	5	4	18	-1	-1	
6	5	5	3	-1	-1	
6	5	6	19	-1	-1	
6	5	7	12	-1	-1	
6	5	9	13	-1	-1	
6	5	15	10	-1	-1	
6	5	17	22	-1	-1	
6	5	20	23	-1	-1	
6	5	21	16	-1	-1	
6	5	24	26	-1	-1	
6	5	25	8	-1	-1	
6	5	27	14	-1	-1	
6	5	28	30	-1	-1	
6	5	29	31	-1	-1	
6	6	3	0	-1	-1	
6	6	4	1	-1	-1	
6	6	7	2	-1	-1	
6	6	8	24	-1	-1	
6	6	12	22	-1	-1	
6	6	13	11	-1	-1	
6	6	14	15	-1	-1	
6	6	18	21	-1	-1	
6	6	23	5	-1	-1	
6	6	25	27	-1	-1	
6	6	26	16	-1	-1	
6	6	28	20	-1	-1	
6	6	30	10	-1	-1	
6	6	31	9	-1	-1	
6	7	0	29	-1	-1	
6	7	3	31	-1	-1	
6	7	6	5	-1	-1	
6	7	8	11	-1	-1	
6	7	12	2	-1	-1	
6	7	15	9	-1	-1	
6	7	16	20	-1	-1	
6	7	17	30	-1	-1	
6	7	19	4	-1	-1	
6	7	21	14	-1	-1	
6	7	22	25	-1	-1	
6	7	24	28	-1	-1	
6	7	27	18	-1	-1	
6	8	1	30	-1	-1	
6	8	2	0	-1	-1	
6	8	4	7	-1	-1	
6	8	5	13	-1	-1	
6	8	8	6	-1	-1	
6	8	10	9	-1	-1	
6	8	16	19	-1	-1	
6	8	18	17	-1	-1	
6	8	20	12	-1	-1	
6	8	21	24	-1	-1	
6	8	22	15	-1	-1	
6	8	23	26	-1	-1	
6	8	25	31	-1	-1	
6	8	28	3	-1	-1	
6	8	29	27	-1	-1	
6	9	2	28	-1	-1	
6	9	3	4	-1	-1	
6	9	5	16	-1	-1	
6	9	6	0	-1	-1	
6	9	7	1	-1	-1	
6	9	9	8	-1	-1	
6	9	13	21	-1	-1	
6	9	14	20	-1	-1	
6	9	15	23	-1	-1	
6	9	19	17	-1	-1	
6	9	25	12	-1	-1	
6	9	26	11	-1	-1	
6	9	27	10	-1	-1	
6	9	31	29	-1	-1	
6	10	1	0	-1	-1	
6	10	7	6	-1	-1	
6	10	9	5	-1	-1	
6	10	11	4	-1	-1	
6	10	12	14	-1	-1	
6	10	16	31	-1	-1	
6	10	17	2	-1	-1	
6	10	18	22	-1	-1	
6	10	19	23	-1	-1	
6	10	21	15	-1	-1	
6	10	24	10	-1	-1	
6	10	26	13	-1	-1	
6	10	28	29	-1	-1	
6	10	30	25	-1	-1	
6	11	0	7	-1	-1	
6	11	3	2	-1	-1	
6	11	4	6	-1	-1	
6	11	5	19	-1	-1	
6	11	8	14	-1	-1	
6	11	10	13	-1	-1	
6	11	11	27	-1	-1	
6	11	17	21	-1	-1	
6	11	20	18	-1	-1	
6	11	22	16	-1	-1	
6	11	23	12	-1	-1	
6	11	24	9	-1	-1	
6	11	25	26	-1	-1	
6	11	29	1	-1	-1	
6	11	31	30	-1	-1	
6	12	2	5	-1	-1	
6	12	6	3	-1	-1	
6	12	7	17	-1	-1	
6	12	9	11	-1	-1	
6	12	10	8	-1	-1	
6	12	13	15	-1	-1	
6	12	14	23	-1	-1	
6	12	16	4	-1	-1	
6	12	18	0	-1	-1	
6	12	19	1	-1	-1	
6	12	21	20	-1	-1	
6	12	26	29	-1	-1	
6	12	27	24	-1	-1	
6	12	28	25	-1	-1	
6	12	30	22	-1	-1	
6	13	0	3	-1	-1	
6	13	1	28	-1	-1	
6	13	5	7	-1	-1	
6	13	11	10	-1	-1	
6	13	13	8	-1	-1	
6	13	15	12	-1	-1	
6	13	18	19	-1	-1	
6	13	20	4	-1	-1	
6	13	21	6	-1	-1	
6	13	22	14	-1	-1	
6	13	23	17	-1	-1	
6	13	26	24	-1	-1	
6	13	29	30	-1	-1	
6	13	31	27	-1	-1	
6	14	1	2	-1	-1	
6	14	7	18	-1	-1	
6	14	10	26	-1	-1	
6	14	11	9	-1	-1	
6	14	14	12	-1	-1	
6	14	17	6	-1	-1	
6	14	19	16	-1	-1	
6	14	20	13	-1	-1	
6	14	23	22	-1	-1	
6	14	24	15	-1	-1	
6	14	27	25	-1	-1	
6	14	28	31	-1	-1	
6	14	29	8	-1	-1	
6	14	30	3	-1	-1	
6	15	2	10	-1	-1	
6	15	3	1	-1	-1	
6	15	5	0	-1	-1	
6	15	6	4	-1	-1	
6	15	8	15	-1	-1	
6	15	12	13	-1	-1	
6	15	14	9	-1	-1	
6	15	16	7	-1	-1	
6	15	17	18	-1	-1	
6	15	19	29	-1	-1	
6	15	22	21	-1	-1	
6	15	23	20	-1	-1	
6	15	25	11	-1	-1	
6	15	26	27	-1	-1	
6	15	30	28	-1	-1	
6	15	31	24	-1	-1	
6	16	0	31	-1	-1	
6	16	1	6	-1	-1	
6	16	4	17	-1	-1	
6	16	7	5	-1	-1	
6	16	9	25	-1	-1	
6	16	10	12	-1	-1	
6	16	11	8	-1	-1	
6	16	13	3	-1	-1	
6	16	15	14	-1	-1	
6	16	18	16	-1	-1	
6	16	20	21	-1	-1	
6	16	22	23	-1	-1	
6	16	24	19	-1	-1	
6	16	27	30	-1	-1	
6	16	28	26	-1	-1	
6	16	29	2	-1	-1	
6	17	1	5	-1	-1	
6	17	3	29	-1	-1	
6	17	4	2	-1	-1	
6	17	9	10	-1	-1	
6	17	12	8	-1	-1	
6	17	14	0	-1	-1	
6	17	15	13	-1	-1	
6	17	16	17	-1	-1	
6	17	18	6	-1	-1	
6	17	19	7	-1	-1	
6	17	20	27	-1	-1	
6	17	21	22	-1	-1	
6	17	24	30	-1	-1	
6	17	26	25	-1	-1	
6	17	28	11	-1	-1	
6	17	31	23	-1	-1	
6	18	0	1	-1	-1	
6	18	2	3	-1	-1	
6	18	5	4	-1	-1	
6	18	6	7	-1	-1	
6	18	8	9	-1	-1	
6	18	10	11	-1	-1	
6	18	12	15	-1	-1	
6	18	13	14	-1	-1	
6	18	16	18	-1	-1	
6	18	17	19	-1	-1	
6	18	22	20	-1	-1	
6	18	23	21	-1	-1	
6	18	25	24	-1	-1	
6	18	27	26	-1	-1	
6	18	29	28	-1	-1	
6	18	30	31	-1	-1	
7	1	1	2	-1	-1	
7	1	3	21	-1	-1	
7	1	4	25	-1	-1	
7	1	6	27	-1	-1	
7	1	8	7	-1	-1	
7	1	10	5	-1	-1	
7	1	11	0	-1	-1	
7	1	14	12	-1	-1	
7	1	16	29	-1	-1	
7	1	18	22	-1	-1	
7	1	19	9	-1	-1	
7	1	24	23	-1	-1	
7	1	26	20	-1	-1	
7	1	28	15	-1	-1	
7	1	30	17	-1	-1	
7	1	31	13	-1	-1	
7	2	0	1	-1	-1	
7	2	2	3	-1	-1	
7	2	4	14	-1	-1	
7	2	5	8	-1	-1	
7	2	7	11	-1	-1	
7	2	9	16	-1	-1	
7	2	12	10	-1	-1	
7	2	15	31	-1	-1	
7	2	17	18	-1	-1	
7	2	19	28	-1	-1	
7	2	20	23	-1	-1	
7	2	22	21	-1	-1	
7	2	24	6	-1	-1	
7	2	25	27	-1	-1	
7	2	29	13	-1	-1	
7	2	30	26	-1	-1	
7	3	1	7	-1	-1	
7	3	3	4	-1	-1	
7	3	6	5	-1	-1	
7	3	8	17	-1	-1	
7	3	9	11	-1	-1	
7	3	13	15	-1	-1	
7	3	16	10	-1	-1	
7	3	18	30	-1	-1	
7	3	20	25	-1	-1	
7	3	21	12	-1	-1	
7	3	22	2	-1	-1	
7	3	23	29	-1	-1	
7	3	26	24	-1	-1	
7	3	27	0	-1	-1	
7	3	28	14	-1	-1	
7	3	31	19	-1	-1	
7	4	5	26	-1	-1	
7	4	7	6	-1	-1	
7	4	8	4	-1	-1	
7	4	10	19	-1	-1	
7	4	11	18	-1	-1	
7	4	12	0	-1	-1	
7	4	13	1	-1	-1	
7	4	14	9	-1	-1	
7	4	15	3	-1	-1	
7	4	17	16	-1	-1	
7	4	21	24	-1	-1	
7	4	23	2	-1	-1	
7	4	25	22	-1	-1	
7	4	27	20	-1	-1	
7	4	28	29	-1	-1	
7	4	31	30	-1	-1	
7	5	0	5	-1	-1	
7	5	1	23	-1	-1	
7	5	2	12	-1	-1	
7	5	3	20	-1	-1	
7	5	4	11	-1	-1	
7	5	10	6	-1	-1	
7	5	13	8	-1	-1	
7	5	15	14	-1	-1	
7	5	16	7	-1	-1	
7	5	17	19	-1	-1	
7	5	18	9	-1	-1	
7	5	22	27	-1	-1	
7	5	25	24	-1	-1	
7	5	26	21	-1	-1	
7	5	29	31	-1	-1	
7	5	30	28	-1	-1	
7	6	0	15	-1	-1	
7	6	1	14	-1	-1	
7	6	5	27	-1	-1	
7	6	6	8	-1	-1	
7	6	7	4	-1	-1	
7	6	9	17	-1	-1	
7	6	12	13	-1	-1	
7	6	18	16	-1	-1	
7	6	19	21	-1	-1	
7	6	23	26	-1	-1	
7	6	24	2	-1	-1	
7	6	28	10	-1	-1	
7	6	29	25	-1	-1	
7	6	31	11	-1	-1	
7	7	3	2	-1	-1	
7	7	4	10	-1	-1	
7	7	5	15	-1	-1	
7	7	9	8	-1	-1	
7	7	12	28	-1	-1	
7	7	13	30	-1	-1	
7	7	16	23	-1	-1	
7	7	17	29	-1	-1	
7	7	20	1	-1	-1	
7	7	21	25	-1	-1	
7	7	22	31	-1	-1	
7	7	26	7	-1	-1	
7	7	27	18	-1	-1	
7	8	1	0	-1	-1	
7	8	2	6	-1	-1	
7	8	9	3	-1	-1	
7	8	11	10	-1	-1	
7	8	14	31	-1	-1	
7	8	15	13	-1	-1	
7	8	18	28	-1	-1	
7	8	21	20	-1	-1	
7	8	23	22	-1	-1	
7	8	24	19	-1	-1	
7	8	25	5	-1	-1	
7	8	26	17	-1	-1	
7	8	27	4	-1	-1	
7	8	29	12	-1	-1	
7	8	30	16	-1	-1	
7	9	0	14	-1	-1	
7	9	2	21	-1	-1	
7	9	3	13	-1	-1	
7	9	4	24	-1	-1	
7	9	6	26	-1	-1	
7	9	7	25	-1	-1	
7	9	10	9	-1	-1	
7	9	12	1	-1	-1	
7	9	15	29	-1	-1	
7	9	16	11	-1	-1	
7	9	18	5	-1	-1	
7	9	19	8	-1	-1	
7	9	20	22	-1	-1	
7	9	28	30	-1	-1	
7	10	0	3	-1	-1	
7	10	5	7	-1	-1	
7	10	8	1	-1	-1	
7	10	10	2	-1	-1	
7	10	14	13	-1	-1	
7	10	17	11	-1	-1	
7	10	19	6	-1	-1	
7	10	20	24	-1	-1	
7	10	21	28	-1	-1	
7	10	22	15	-1	-1	
7	10	23	27	-1	-1	
7	10	26	4	-1	-1	
7	10	29	30	-1	-1	
7	10	31	18	-1	-1	
7	11	1	3	-1	-1	
7	11	2	20	-1	-1	
7	11	8	16	-1	-1	
7	11	9	7	-1	-1	
7	11	11	6	-1	-1	
7	11	12	15	-1	-1	
7	11	13	0	-1	-1	
7	11	17	10	-1	-1	
7	11	18	19	-1	-1	
7	11	22	26	-1	-1	
7	11	24	5	-1	-1	
7	11	25	23	-1	-1	
7	11	27	21	-1	-1	
7	11	28	31	-1	-1	
7	11	30	14	-1	-1	
7	12	0	22	-1	-1	
7	12	3	12	-1	-1	
7	12	6	4	-1	-1	
7	12	7	24	-1	-1	
7	12	10	8	-1	-1	
7	12	11	9	-1	-1	
7	12	15	2	-1	-1	
7	12	16	17	-1	-1	
7	12	19	30	-1	-1	
7	12	20	14	-1	-1	
7	12	21	1	-1	-1	
7	12	23	13	-1	-1	
7	12	26	25	-1	-1	
7	12	29	18	-1	-1	
7	12	31	27	-1	-1	
7	13	2	0	-1	-1	
7	13	4	5	-1	-1	
7	13	6	9	-1	-1	
7	13	8	11	-1	-1	
7	13	13	12	-1	-1	
7	13	14	29	-1	-1	
7	13	19	17	-1	-1	
7	13	23	20	-1	-1	
7	13	24	22	-1	-1	
7	13	25	1	-1	-1	
7	13	26	3	-1	-1	
7	13	27	7	-1	-1	
7	13	28	16	-1	-1	
7	13	30	31	-1	-1	
7	14	0	23	-1	-1	
7	14	7	5	-1	-1	
7	14	8	10	-1	-1	
7	14	11	19	-1	-1	
7	14	14	15	-1	-1	
7	14	16	18	-1	-1	
7	14	17	4	-1	-1	
7	14	20	21	-1	-1	
7	14	22	3	-1	-1	
7	14	24	27	-1	-1	
7	14	25	6	-1	-1	
7	14	29	28	-1	-1	
7	14	30	9	-1	-1	
7	14	31	12	-1	-1	
7	15	2	13	-1	-1	
7	15	3	1	-1	-1	
7	15	5	6	-1	-1	
7	15	7	10	-1	-1	
7	15	9	4	-1	-1	
7	15	12	14	-1	-1	
7	15	15	11	-1	-1	
7	15	18	8	-1	-1	
7	15	19	16	-1	-1	
7	15	20	30	-1	-1	
7	15	21	0	-1	-1	
7	15	22	23	-1	-1	
7	15	24	25	-1	-1	
7	15	27	26	-1	-1	
7	15	28	17	-1	-1	
7	15	31	29	-1	-1	
7	16	0	2	-1	-1	
7	16	1	22	-1	-1	
7	16	4	7	-1	-1	
7	16	6	12	-1	-1	
7	16	8	9	-1	-1	
7	16	10	18	-1	-1	
7	16	11	5	-1	-1	
7	16	13	28	-1	-1	
7	16	14	3	-1	-1	
7	16	16	31	-1	-1	
7	16	17	20	-1	-1	
7	16	23	21	-1	-1	
7	16	25	26	-1	-1	
7	16	27	24	-1	-1	
7	16	29	19	-1	-1	
7	16	30	15	-1	-1	
7	17	1	15	-1	-1	
7	17	4	6	-1	-1	
7	17	5	9	-1	-1	
7	17	7	13	-1	-1	
7	17	10	11	-1	-1	
7	17	12	30	-1	-1	
7	17	14	2	-1	-1	
7	17	17	31	-1	-1	
7	17	19	18	-1	-1	
7	17	20	0	-1	-1	
7	17	21	22	-1	-1	
7	17	23	3	-1	-1	
7	17	25	16	-1	-1	
7	17	26	27	-1	-1	
7	17	28	24	-1	-1	
7	17	29	8	-1	-1	
7	18	2	1	-1	-1	
7	18	3	0	-1	-1	
7	18	5	4	-1	-1	
7	18	6	7	-1	-1	
7	18	9	10	-1	-1	
7	18	11	8	-1	-1	
7	18	13	14	-1	-1	
7	18	15	12	-1	-1	
7	18	16	19	-1	-1	
7	18	18	17	-1	-1	
7	18	21	23	-1	-1	
7	18	22	20	-1	-1	
7	18	24	26	-1	-1	
7	18	27	25	-1	-1	
7	18	30	29	-1	-1	
7	18	31	28	-1	-1	
8	1	1	26	-1	-1	
8	1	3	24	-1	-1	
8	1	7	5	-1	-1	
8	1	8	13	-1	-1	
8	1	9	0	-1	-1	
8	1	11	2	-1	-1	
8	1	12	18	-1	-1	
8	1	14	15	-1	-1	
8	1	20	6	-1	-1	
8	1	21	4	-1	-1	
8	1	23	30	-1	-1	
8	1	25	16	-1	-1	
8	1	27	17	-1	-1	
8	1	28	10	-1	-1	
8	1	29	22	-1	-1	
8	1	31	19	-1	-1	
8	2	0	8	-1	-1	
8	2	1	7	-1	-1	
8	2	2	9	-1	-1	
8	2	4	20	-1	-1	
8	2	5	11	-1	-1	
8	2	10	29	-1	-1	
8	2	13	14	-1	-1	
8	2	15	12	-1	-1	
8	2	17	16	-1	-1	
8	2	19	18	-1	-1	
8	2	22	6	-1	-1	
8	2	23	27	-1	-1	
8	2	25	3	-1	-1	
8	2	26	24	-1	-1	
8	2	28	21	-1	-1	
8	2	30	31	-1	-1	
8	3	3	2	-1	-1	
8	3	6	4	-1	-1	
8	3	9	30	-1	-1	
8	3	10	8	-1	-1	
8	3	12	1	-1	-1	
8	3	14	0	-1	-1	
8	3	16	22	-1	-1	
8	3	17	26	-1	-1	
8	3	18	5	-1	-1	
8	3	19	15	-1	-1	
8	3	20	28	-1	-1	
8	3	21	7	-1	-1	
8	3	24	13	-1	-1	
8	3	27	25	-1	-1	
8	3	29	11	-1	-1	
8	3	31	23	-1	-1	
8	4	0	3	-1	-1	
8	4	2	27	-1	-1	
8	4	4	12	-1	-1	
8	4	5	13	-1	-1	
8	4	6	14	-1	-1	
8	4	7	10	-1	-1	
8	4	8	31	-1	-1	
8	4	9	1	-1	-1	
8	4	11	28	-1	-1	
8	4	16	15	-1	-1	
8	4	18	25	-1	-1	
8	4	20	23	-1	-1	
8	4	21	22	-1	-1	
8	4	24	17	-1	-1	
8	4	26	19	-1	-1	
8	4	30	29	-1	-1	
8	5	1	8	-1	-1	
8	5	4	7	-1	-1	
8	5	6	9	-1	-1	
8	5	11	3	-1	-1	
8	5	12	17	-1	-1	
8	5	13	2	-1	-1	
8	5	14	16	-1	-1	
8	5	15	5	-1	-1	
8	5	19	24	-1	-1	
8	5	22	20	-1	-1	
8	5	23	21	-1	-1	
8	5	26	25	-1	-1	
8	5	27	18	-1	-1	
8	5	29	0	-1	-1	
8	5	30	28	-1	-1	
8	5	31	10	-1	-1	
8	6	0	1	-1	-1	
8	6	2	24	-1	-1	
8	6	3	9	-1	-1	
8	6	5	6	-1	-1	
8	6	10	30	-1	-1	
8	6	13	4	-1	-1	
8	6	14	7	-1	-1	
8	6	16	27	-1	-1	
8	6	20	8	-1	-1	
8	6	21	11	-1	-1	
8	6	22	26	-1	-1	
8	6	25	15	-1	-1	
8	6	28	18	-1	-1	
8	6	31	29	-1	-1	
8	7	1	11	-1	-1	
8	7	2	4	-1	-1	
8	7	5	21	-1	-1	
8	7	6	23	-1	-1	
8	7	10	9	-1	-1	
8	7	12	15	-1	-1	
8	7	17	14	-1	-1	
8	7	18	26	-1	-1	
8	7	19	20	-1	-1	
8	7	24	31	-1	-1	
8	7	27	0	-1	-1	
8	7	29	16	-1	-1	
8	7	30	22	-1	-1	
8	8	4	6	-1	-1	
8	8	7	20	-1	-1	
8	8	8	11	-1	-1	
8	8	10	12	-1	-1	
8	8	14	13	-1	-1	
8	8	15	3	-1	-1	
8	8	16	19	-1	-1	
8	8	18	17	-1	-1	
8	8	22	5	-1	-1	
8	8	23	29	-1	-1	
8	8	24	1	-1	-1	
8	8	25	28	-1	-1	
8	8	26	2	-1	-1	
8	8	27	30	-1	-1	
8	8	31	21	-1	-1	
8	9	0	26	-1	-1	
8	9	1	25	-1	-1	
8	9	3	27	-1	-1	
8	9	4	22	-1	-1	
8	9	5	14	-1	-1	
8	9	11	10	-1	-1	
8	9	12	6	-1	-1	
8	9	13	7	-1	-1	
8	9	15	18	-1	-1	
8	9	17	19	-1	-1	
8	9	21	23	-1	-1	
8	9	28	9	-1	-1	
8	9	29	8	-1	-1	
8	9	31	2	-1	-1	
8	10	2	0	-1	-1	
8	10	7	6	-1	-1	
8	10	9	14	-1	-1	
8	10	11	15	-1	-1	
8	10	13	12	-1	-1	
8	10	16	24	-1	-1	
8	10	17	25	-1	-1	
8	10	18	21	-1	-1	
8	10	19	4	-1	-1	
8	10	20	31	-1	-1	
8	10	22	23	-1	-1	
8	10	27	1	-1	-1	
8	10	28	3	-1	-1	
8	10	30	8	-1	-1	
8	11	5	4	-1	-1	
8	11	6	13	-1	-1	
8	11	8	3	-1	-1	
8	11	9	29	-1	-1	
8	11	10	0	-1	-1	
8	11	14	12	-1	-1	
8	11	15	17	-1	-1	
8	11	19	27	-1	-1	
8	11	21	20	-1	-1	
8	11	23	7	-1	-1	
8	11	24	18	-1	-1	
8	11	25	2	-1	-1	
8	11	26	16	-1	-1	
8	11	30	11	-1	-1	
8	11	31	28	-1	-1	
8	12	0	25	-1	-1	
8	12	3	1	-1	-1	
8	12	4	15	-1	-1	
8	12	8	10	-1	-1	
8	12	11	9	-1	-1	
8	12	12	5	-1	-1	
8	12	13	19	-1	-1	
8	12	16	6	-1	-1	
8	12	17	7	-1	-1	
8	12	18	14	-1	-1	
8	12	20	24	-1	-1	
8	12	22	31	-1	-1	
8	12	27	26	-1	-1	
8	12	28	23	-1	-1	
8	12	29	30	-1	-1	
8	13	1	2	-1	-1	
8	13	3	10	-1	-1	
8	13	6	5	-1	-1	
8	13	7	22	-1	-1	
8	13	9	8	-1	-1	
8	13	15	13	-1	-1	
8	13	16	17	-1	-1	
8	13	21	29	-1	-1	
8	13	23	20	-1	-1	
8	13	24	0	-1	-1	
8	13	25	19	-1	-1	
8	13	26	14	-1	-1	
8	13	27	12	-1	-1	
8	13	28	30	-1	-1	
8	14	0	2	-1	-1	
8	14	7	4	-1	-1	
8	14	8	28	-1	-1	
8	14	9	11	-1	-1	
8	14	13	16	-1	-1	
8	14	17	18	-1	-1	
8	14	19	12	-1	-1	
8	14	20	5	-1	-1	
8	14	22	21	-1	-1	
8	14	23	10	-1	-1	
8	14	25	24	-1	-1	
8	14	26	3	-1	-1	
8	14	29	31	-1	-1	
8	14	30	1	-1	-1	
8	15	0	11	-1	-1	
8	15	2	3	-1	-1	
8	15	4	8	-1	-1	
8	15	5	7	-1	-1	
8	15	10	1	-1	-1	
8	15	12	14	-1	-1	
8	15	15	6	-1	-1	
8	15	17	23	-1	-1	
8	15	18	13	-1	-1	
8	15	19	16	-1	-1	
8	15	20	22	-1	-1	
8	15	21	30	-1	-1	
8	15	24	27	-1	-1	
8	15	25	26	-1	-1	
8	15	28	29	-1	-1	
8	15	31	9	-1	-1	
8	16	1	0	-1	-1	
8	16	3	5	-1	-1	
8	16	6	21	-1	-1	
8	16	7	12	-1	-1	
8	16	8	2	-1	-1	
8	16	9	10	-1	-1	
8	16	11	31	-1	-1	
8	16	13	15	-1	-1	
8	16	14	19	-1	-1	
8	16	16	18	-1	-1	
8	16	22	28	-1	-1	
8	16	23	4	-1	-1	
8	16	24	25	-1	-1	
8	16	26	27	-1	-1	
8	16	29	20	-1	-1	
8	16	30	17	-1	-1	
8	17	0	6	-1	-1	
8	17	1	3	-1	-1	
8	17	2	10	-1	-1	
8	17	5	23	-1	-1	
8	17	7	15	-1	-1	
8	17	11	8	-1	-1	
8	17	14	4	-1	-1	
8	17	16	12	-1	-1	
8	17	17	13	-1	-1	
8	17	18	19	-1	-1	
8	17	21	25	-1	-1	
8	17	22	9	-1	-1	
8	17	26	29	-1	-1	
8	17	27	24	-1	-1	
8	17	28	31	-1	-1	
8	17	30	20	-1	-1	
8	18	2	1	-1	-1	
8	18	3	0	-1	-1	
8	18	4	5	-1	-1	
8	18	6	7	-1	-1	
8	18	8	9	-1	-1	
8	18	10	11	-1	-1	
8	18	12	13	-1	-1	
8	18	15	14	-1	-1	
8	18	18	16	-1	-1	
8	18	19	17	-1	-1	
8	18	20	21	-1	-1	
8	18	23	22	-1	-1	
8	18	24	26	-1	-1	
8	18	25	27	-1	-1	
8	18	29	28	-1	-1	
8	18	31	30	-1	-1	
9	1	0	7	-1	-1	
9	1	1	10	-1	-1	
9	1	2	5	-1	-1	
9	1	4	29	-1	-1	
9	1	6	31	-1	-1	
9	1	9	27	-1	-1	
9	1	11	8	-1	-1	
9	1	12	14	-1	-1	
9	1	16	24	-1	-1	
9	1	17	3	-1	-1	
9	1	18	23	-1	-1	
9	1	20	19	-1	-1	
9	1	21	15	-1	-1	
9	1	22	13	-1	-1	
9	1	28	26	-1	-1	
9	1	30	25	-1	-1	
9	2	3	18	-1	-1	
9	2	5	1	-1	-1	
9	2	6	12	-1	-1	
9	2	7	2	-1	-1	
9	2	8	9	-1	-1	
9	2	10	11	-1	-1	
9	2	13	21	-1	-1	
9	2	14	0	-1	-1	
9	2	17	22	-1	-1	
9	2	19	16	-1	-1	
9	2	20	28	-1	-1	
9	2	23	15	-1	-1	
9	2	24	27	-1	-1	
9	2	26	25	-1	-1	
9	2	30	4	-1	-1	
9	2	31	29	-1	-1	
9	3	2	19	-1	-1	
9	3	3	1	-1	-1	
9	3	4	7	-1	-1	
9	3	9	6	-1	-1	
9	3	11	5	-1	-1	
9	3	15	13	-1	-1	
9	3	16	20	-1	-1	
9	3	18	0	-1	-1	
9	3	21	17	-1	-1	
9	3	22	12	-1	-1	
9	3	24	8	-1	-1	
9	3	25	23	-1	-1	
9	3	26	31	-1	-1	
9	3	27	14	-1	-1	
9	3	28	30	-1	-1	
9	3	29	10	-1	-1	
9	4	0	17	-1	-1	
9	4	1	16	-1	-1	
9	4	2	6	-1	-1	
9	4	5	4	-1	-1	
9	4	7	28	-1	-1	
9	4	12	3	-1	-1	
9	4	13	9	-1	-1	
9	4	14	10	-1	-1	
9	4	15	11	-1	-1	
9	4	19	18	-1	-1	
9	4	21	20	-1	-1	
9	4	22	23	-1	-1	
9	4	25	8	-1	-1	
9	4	27	30	-1	-1	
9	4	29	26	-1	-1	
9	4	31	24	-1	-1	
9	5	0	4	-1	-1	
9	5	6	1	-1	-1	
9	5	8	14	-1	-1	
9	5	9	26	-1	-1	
9	5	10	7	-1	-1	
9	5	11	25	-1	-1	
9	5	13	12	-1	-1	
9	5	15	2	-1	-1	
9	5	16	3	-1	-1	
9	5	18	5	-1	-1	
9	5	19	17	-1	-1	
9	5	20	22	-1	-1	
9	5	23	21	-1	-1	
9	5	24	29	-1	-1	
9	5	28	27	-1	-1	
9	5	31	30	-1	-1	
9	6	3	19	-1	-1	
9	6	4	2	-1	-1	
9	6	5	6	-1	-1	
9	6	7	29	-1	-1	
9	6	10	13	-1	-1	
9	6	11	12	-1	-1	
9	6	14	15	-1	-1	
9	6	16	18	-1	-1	
9	6	17	27	-1	-1	
9	6	21	1	-1	-1	
9	6	22	0	-1	-1	
9	6	23	31	-1	-1	
9	6	25	28	-1	-1	
9	6	30	8	-1	-1	
9	7	3	2	-1	-1	
9	7	6	0	-1	-1	
9	7	7	13	-1	-1	
9	7	9	8	-1	-1	
9	7	14	22	-1	-1	
9	7	15	20	-1	-1	
9	7	18	25	-1	-1	
9	7	19	23	-1	-1	
9	7	24	21	-1	-1	
9	7	26	11	-1	-1	
9	7	27	31	-1	-1	
9	7	28	5	-1	-1	
9	7	29	16	-1	-1	
9	8	1	0	-1	-1	
9	8	3	9	-1	-1	
9	8	8	4	-1	-1	
9	8	11	10	-1	-1	
9	8	12	21	-1	-1	
9	8	13	15	-1	-1	
9	8	16	22	-1	-1	
9	8	20	18	-1	-1	
9	8	23	14	-1	-1	
9	8	25	24	-1	-1	
9	8	27	26	-1	-1	
9	8	28	19	-1	-1	
9	8	29	6	-1	-1	
9	8	30	17	-1	-1	
9	8	31	7	-1	-1	
9	9	0	3	-1	-1	
9	9	4	28	-1	-1	
9	9	5	31	-1	-1	
9	9	6	30	-1	-1	
9	9	8	27	-1	-1	
9	9	9	15	-1	-1	
9	9	10	12	-1	-1	
9	9	13	23	-1	-1	
9	9	14	11	-1	-1	
9	9	16	7	-1	-1	
9	9	17	2	-1	-1	
9	9	18	1	-1	-1	
9	9	22	20	-1	-1	
9	9	26	24	-1	-1	
9	10	0	8	-1	-1	
9	10	2	11	-1	-1	
9	10	7	5	-1	-1	
9	10	10	9	-1	-1	
9	10	12	15	-1	-1	
9	10	17	4	-1	-1	
9	10	19	1	-1	-1	
9	10	21	16	-1	-1	
9	10	23	20	-1	-1	
9	10	24	13	-1	-1	
9	10	25	29	-1	-1	
9	10	26	30	-1	-1	
9	10	27	22	-1	-1	
9	10	28	6	-1	-1	
9	11	1	4	-1	-1	
9	11	2	18	-1	-1	
9	11	3	5	-1	-1	
9	11	8	26	-1	-1	
9	11	11	9	-1	-1	
9	11	14	13	-1	-1	
9	11	15	10	-1	-1	
9	11	16	17	-1	-1	
9	11	19	0	-1	-1	
9	11	20	12	-1	-1	
9	11	22	21	-1	-1	
9	11	24	28	-1	-1	
9	11	29	27	-1	-1	
9	11	30	7	-1	-1	
9	11	31	25	-1	-1	
9	12	0	2	-1	-1	
9	12	1	3	-1	-1	
9	12	4	6	-1	-1	
9	12	5	30	-1	-1	
9	12	9	14	-1	-1	
9	12	10	24	-1	-1	
9	12	13	8	-1	-1	
9	12	17	20	-1	-1	
9	12	18	19	-1	-1	
9	12	21	29	-1	-1	
9	12	23	16	-1	-1	
9	12	25	15	-1	-1	
9	12	26	12	-1	-1	
9	12	27	11	-1	-1	
9	12	28	31	-1	-1	
9	13	2	1	-1	-1	
9	13	4	3	-1	-1	
9	13	6	7	-1	-1	
9	13	8	10	-1	-1	
9	13	12	23	-1	-1	
9	13	15	14	-1	-1	
9	13	17	19	-1	-1	
9	13	20	21	-1	-1	
9	13	22	18	-1	-1	
9	13	25	26	-1	-1	
9	13	28	9	-1	-1	
9	13	29	5	-1	-1	
9	13	30	24	-1	-1	
9	13	31	11	-1	-1	
9	14	1	17	-1	-1	
9	14	2	0	-1	-1	
9	14	5	7	-1	-1	
9	14	10	25	-1	-1	
9	14	12	13	-1	-1	
9	14	18	16	-1	-1	
9	14	19	6	-1	-1	
9	14	20	3	-1	-1	
9	14	21	14	-1	-1	
9	14	23	22	-1	-1	
9	14	24	9	-1	-1	
9	14	26	27	-1	-1	
9	14	30	29	-1	-1	
9	14	31	4	-1	-1	
9	15	3	6	-1	-1	
9	15	5	0	-1	-1	
9	15	7	4	-1	-1	
9	15	8	15	-1	-1	
9	15	9	11	-1	-1	
9	15	13	1	-1	-1	
9	15	14	12	-1	-1	
9	15	16	2	-1	-1	
9	15	17	18	-1	-1	
9	15	21	23	-1	-1	
9	15	22	19	-1	-1	
9	15	24	25	-1	-1	
9	15	26	20	-1	-1	
9	15	27	10	-1	-1	
9	15	29	28	-1	-1	
9	15	30	31	-1	-1	
9	16	0	16	-1	-1	
9	16	1	7	-1	-1	
9	16	2	3	-1	-1	
9	16	4	14	-1	-1	
9	16	6	5	-1	-1	
9	16	10	8	-1	-1	
9	16	11	24	-1	-1	
9	16	12	9	-1	-1	
9	16	15	22	-1	-1	
9	16	18	21	-1	-1	
9	16	19	26	-1	-1	
9	16	20	13	-1	-1	
9	16	23	17	-1	-1	
9	16	25	27	-1	-1	
9	16	29	30	-1	-1	
9	16	31	28	-1	-1	
9	17	0	1	-1	-1	
9	17	5	15	-1	-1	
9	17	6	4	-1	-1	
9	17	7	3	-1	-1	
9	17	11	13	-1	-1	
9	17	12	8	-1	-1	
9	17	14	20	-1	-1	
9	17	17	16	-1	-1	
9	17	19	21	-1	-1	
9	17	22	30	-1	-1	
9	17	23	2	-1	-1	
9	17	25	9	-1	-1	
9	17	26	10	-1	-1	
9	17	27	24	-1	-1	
9	17	28	29	-1	-1	
9	17	31	18	-1	-1	
9	18	1	2	-1	-1	
9	18	3	0	-1	-1	
9	18	4	5	-1	-1	
9	18	7	6	-1	-1	
9	18	8	11	-1	-1	
9	18	9	10	-1	-1	
9	18	13	14	-1	-1	
9	18	15	12	-1	-1	
9	18	16	19	-1	-1	
9	18	18	17	-1	-1	
9	18	20	23	-1	-1	
9	18	21	22	-1	-1	
9	18	24	26	-1	-1	
9	18	27	25	-1	-1	
9	18	29	31	-1	-1	
9	18	30	28	-1	-1	
10	1	1	30	-1	-1	
10	1	3	28	-1	-1	
10	1	4	5	-1	-1	
10	1	6	16	-1	-1	
10	1	9	11	-1	-1	
10	1	13	0	-1	-1	
10	1	14	7	-1	-1	
10	1	15	2	-1	-1	
10	1	21	24	-1	-1	
10	1	22	8	-1	-1	
10	1	23	10	-1	-1	
10	1	25	17	-1	-1	
10	1	26	12	-1	-1	
10	1	27	20	-1	-1	
10	1	29	19	-1	-1	
10	1	31	18	-1	-1	
10	2	0	15	-1	-1	
10	2	2	14	-1	-1	
10	2	3	9	-1	-1	
10	2	5	6	-1	-1	
10	2	7	4	-1	-1	
10	2	10	22	-1	-1	
10	2	11	13	-1	-1	
10	2	12	27	-1	-1	
10	2	17	16	-1	-1	
10	2	19	18	-1	-1	
10	2	20	8	-1	-1	
10	2	21	29	-1	-1	
10	2	24	25	-1	-1	
10	2	26	23	-1	-1	
10	2	28	30	-1	-1	
10	2	31	1	-1	-1	
10	3	1	0	-1	-1	
10	3	4	2	-1	-1	
10	3	6	3	-1	-1	
10	3	8	10	-1	-1	
10	3	12	14	-1	-1	
10	3	15	24	-1	-1	
10	3	16	11	-1	-1	
10	3	17	5	-1	-1	
10	3	18	20	-1	-1	
10	3	19	28	-1	-1	
10	3	22	26	-1	-1	
10	3	23	9	-1	-1	
10	3	25	21	-1	-1	
10	3	27	13	-1	-1	
10	3	29	31	-1	-1	
10	3	30	7	-1	-1	
10	4	0	29	-1	-1	
10	4	2	1	-1	-1	
10	4	8	4	-1	-1	
10	4	9	12	-1	-1	
10	4	10	6	-1	-1	
10	4	11	7	-1	-1	
10	4	13	26	-1	-1	
10	4	14	25	-1	-1	
10	4	15	3	-1	-1	
10	4	16	31	-1	-1	
10	4	18	5	-1	-1	
10	4	22	21	-1	-1	
10	4	23	20	-1	-1	
10	4	24	27	-1	-1	
10	4	28	17	-1	-1	
10	4	30	19	-1	-1	
10	5	3	14	-1	-1	
10	5	4	18	-1	-1	
10	5	5	11	-1	-1	
10	5	6	19	-1	-1	
10	5	7	0	-1	-1	
10	5	8	15	-1	-1	
10	5	10	9	-1	-1	
10	5	13	1	-1	-1	
10	5	17	30	-1	-1	
10	5	20	22	-1	-1	
10	5	21	23	-1	-1	
10	5	24	26	-1	-1	
10	5	25	12	-1	-1	
10	5	27	2	-1	-1	
10	5	28	31	-1	-1	
10	5	29	16	-1	-1	
10	6	0	30	-1	-1	
10	6	1	15	-1	-1	
10	6	2	3	-1	-1	
10	6	4	9	-1	-1	
10	6	7	10	-1	-1	
10	6	11	8	-1	-1	
10	6	12	24	-1	-1	
10	6	18	29	-1	-1	
10	6	20	28	-1	-1	
10	6	22	14	-1	-1	
10	6	23	13	-1	-1	
10	6	25	27	-1	-1	
10	6	26	16	-1	-1	
10	6	31	5	-1	-1	
10	7	0	10	-1	-1	
10	7	3	13	-1	-1	
10	7	6	5	-1	-1	
10	7	8	21	-1	-1	
10	7	11	23	-1	-1	
10	7	12	15	-1	-1	
10	7	16	28	-1	-1	
10	7	17	22	-1	-1	
10	7	19	4	-1	-1	
10	7	24	20	-1	-1	
10	7	27	18	-1	-1	
10	7	29	2	-1	-1	
10	7	30	25	-1	-1	
10	8	4	7	-1	-1	
10	8	5	1	-1	-1	
10	8	9	22	-1	-1	
10	8	10	8	-1	-1	
10	8	12	6	-1	-1	
10	8	14	13	-1	-1	
10	8	16	19	-1	-1	
10	8	18	17	-1	-1	
10	8	20	11	-1	-1	
10	8	21	27	-1	-1	
10	8	25	23	-1	-1	
10	8	28	0	-1	-1	
10	8	29	24	-1	-1	
10	8	30	3	-1	-1	
10	8	31	26	-1	-1	
10	9	1	29	-1	-1	
10	9	2	28	-1	-1	
10	9	3	31	-1	-1	
10	9	5	16	-1	-1	
10	9	6	8	-1	-1	
10	9	7	9	-1	-1	
10	9	10	20	-1	-1	
10	9	11	4	-1	-1	
10	9	13	12	-1	-1	
10	9	19	17	-1	-1	
10	9	23	21	-1	-1	
10	9	25	0	-1	-1	
10	9	26	15	-1	-1	
10	9	27	14	-1	-1	
10	10	0	2	-1	-1	
10	10	7	6	-1	-1	
10	10	9	8	-1	-1	
10	10	13	5	-1	-1	
10	10	15	4	-1	-1	
10	10	16	23	-1	-1	
10	10	17	10	-1	-1	
10	10	18	30	-1	-1	
10	10	19	31	-1	-1	
10	10	20	21	-1	-1	
10	10	22	25	-1	-1	
10	10	24	14	-1	-1	
10	10	26	1	-1	-1	
10	10	29	3	-1	-1	
10	11	4	6	-1	-1	
10	11	5	19	-1	-1	
10	11	8	7	-1	-1	
10	11	11	10	-1	-1	
10	11	12	2	-1	-1	
10	11	14	1	-1	-1	
10	11	15	27	-1	-1	
10	11	17	29	-1	-1	
10	11	21	9	-1	-1	
10	11	23	22	-1	-1	
10	11	24	13	-1	-1	
10	11	25	26	-1	-1	
10	11	28	18	-1	-1	
10	11	30	16	-1	-1	
10	11	31	0	-1	-1	
10	12	1	3	-1	-1	
10	12	2	31	-1	-1	
10	12	6	11	-1	-1	
10	12	7	17	-1	-1	
10	12	10	5	-1	-1	
10	12	13	15	-1	-1	
10	12	14	12	-1	-1	
10	12	16	4	-1	-1	
10	12	18	8	-1	-1	
10	12	19	9	-1	-1	
10	12	20	25	-1	-1	
10	12	22	30	-1	-1	
10	12	26	21	-1	-1	
10	12	27	24	-1	-1	
10	12	29	28	-1	-1	
10	13	1	12	-1	-1	
10	13	3	0	-1	-1	
10	13	5	7	-1	-1	
10	13	8	11	-1	-1	
10	13	9	20	-1	-1	
10	13	15	14	-1	-1	
10	13	18	19	-1	-1	
10	13	21	22	-1	-1	
10	13	23	27	-1	-1	
10	13	26	24	-1	-1	
10	13	28	4	-1	-1	
10	13	29	6	-1	-1	
10	13	30	2	-1	-1	
10	13	31	17	-1	-1	
10	14	2	0	-1	-1	
10	14	7	18	-1	-1	
10	14	9	10	-1	-1	
10	14	14	26	-1	-1	
10	14	15	13	-1	-1	
10	14	17	6	-1	-1	
10	14	19	16	-1	-1	
10	14	20	23	-1	-1	
10	14	21	12	-1	-1	
10	14	22	11	-1	-1	
10	14	24	3	-1	-1	
10	14	27	25	-1	-1	
10	14	28	1	-1	-1	
10	14	31	30	-1	-1	
10	15	0	1	-1	-1	
10	15	2	13	-1	-1	
10	15	5	8	-1	-1	
10	15	6	4	-1	-1	
10	15	10	14	-1	-1	
10	15	11	9	-1	-1	
10	15	12	3	-1	-1	
10	15	16	7	-1	-1	
10	15	17	18	-1	-1	
10	15	19	21	-1	-1	
10	15	22	20	-1	-1	
10	15	23	24	-1	-1	
10	15	25	15	-1	-1	
10	15	26	27	-1	-1	
10	15	30	29	-1	-1	
10	15	31	28	-1	-1	
10	16	1	11	-1	-1	
10	16	3	2	-1	-1	
10	16	4	17	-1	-1	
10	16	7	5	-1	-1	
10	16	8	23	-1	-1	
10	16	9	6	-1	-1	
10	16	13	25	-1	-1	
10	16	14	0	-1	-1	
10	16	15	12	-1	-1	
10	16	18	16	-1	-1	
10	16	20	26	-1	-1	
10	16	21	10	-1	-1	
10	16	24	19	-1	-1	
10	16	27	22	-1	-1	
10	16	28	29	-1	-1	
10	16	30	31	-1	-1	
10	17	0	12	-1	-1	
10	17	2	8	-1	-1	
10	17	3	1	-1	-1	
10	17	4	10	-1	-1	
10	17	9	5	-1	-1	
10	17	11	21	-1	-1	
10	17	13	14	-1	-1	
10	17	16	17	-1	-1	
10	17	18	6	-1	-1	
10	17	19	7	-1	-1	
10	17	20	15	-1	-1	
10	17	23	31	-1	-1	
10	17	24	22	-1	-1	
10	17	26	25	-1	-1	
10	17	28	27	-1	-1	
10	17	29	30	-1	-1	
10	18	0	3	-1	-1	
10	18	1	2	-1	-1	
10	18	5	4	-1	-1	
10	18	6	7	-1	-1	
10	18	8	9	-1	-1	
10	18	10	11	-1	-1	
10	18	12	13	-1	-1	
10	18	14	15	-1	-1	
10	18	16	18	-1	-1	
10	18	17	19	-1	-1	
10	18	21	20	-1	-1	
10	18	22	23	-1	-1	
10	18	25	24	-1	-1	
10	18	27	26	-1	-1	
10	18	30	28	-1	-1	
10	18	31	29	-1	-1	
11	1	1	2	-1	-1	
11	1	3	25	-1	-1	
11	1	4	15	-1	-1	
11	1	6	13	-1	-1	
11	1	7	0	-1	-1	
11	1	10	8	-1	-1	
11	1	12	17	-1	-1	
11	1	14	19	-1	-1	
11	1	16	27	-1	-1	
11	1	18	24	-1	-1	
11	1	20	29	-1	-1	
11	1	22	26	-1	-1	
11	1	23	5	-1	-1	
11	1	28	11	-1	-1	
11	1	30	21	-1	-1	
11	1	31	9	-1	-1	
11	2	0	1	-1	-1	
11	2	2	3	-1	-1	
11	2	5	20	-1	-1	
11	2	8	6	-1	-1	
11	2	11	31	-1	-1	
11	2	12	10	-1	-1	
11	2	13	4	-1	-1	
11	2	15	7	-1	-1	
11	2	16	14	-1	-1	
11	2	17	19	-1	-1	
11	2	21	22	-1	-1	
11	2	23	28	-1	-1	
11	2	24	27	-1	-1	
11	2	26	25	-1	-1	
11	2	29	9	-1	-1	
11	2	30	18	-1	-1	
11	3	1	15	-1	-1	
11	3	3	12	-1	-1	
11	3	4	21	-1	-1	
11	3	5	7	-1	-1	
11	3	9	11	-1	-1	
11	3	14	13	-1	-1	
11	3	18	16	-1	-1	
11	3	19	0	-1	-1	
11	3	20	6	-1	-1	
11	3	22	30	-1	-1	
11	3	24	17	-1	-1	
11	3	25	8	-1	-1	
11	3	26	2	-1	-1	
11	3	27	29	-1	-1	
11	3	28	10	-1	-1	
11	3	31	23	-1	-1	
11	4	4	12	-1	-1	
11	4	6	23	-1	-1	
11	4	7	22	-1	-1	
11	4	8	0	-1	-1	
11	4	9	1	-1	-1	
11	4	10	5	-1	-1	
11	4	11	3	-1	-1	
11	4	13	18	-1	-1	
11	4	15	14	-1	-1	
11	4	17	26	-1	-1	
11	4	19	24	-1	-1	
11	4	21	20	-1	-1	
11	4	25	16	-1	-1	
11	4	27	2	-1	-1	
11	4	28	29	-1	-1	
11	4	31	30	-1	-1	
11	5	0	13	-1	-1	
11	5	1	27	-1	-1	
11	5	2	8	-1	-1	
11	5	3	24	-1	-1	
11	5	6	14	-1	-1	
11	5	9	4	-1	-1	
11	5	11	10	-1	-1	
11	5	12	7	-1	-1	
11	5	17	16	-1	-1	
11	5	18	25	-1	-1	
11	5	20	15	-1	-1	
11	5	21	23	-1	-1	
11	5	22	5	-1	-1	
11	5	26	19	-1	-1	
11	5	29	31	-1	-1	
11	5	30	28	-1	-1	
11	6	0	11	-1	-1	
11	6	1	10	-1	-1	
11	6	5	21	-1	-1	
11	6	8	9	-1	-1	
11	6	13	19	-1	-1	
11	6	14	4	-1	-1	
11	6	15	12	-1	-1	
11	6	16	2	-1	-1	
11	6	22	20	-1	-1	
11	6	23	25	-1	-1	
11	6	27	18	-1	-1	
11	6	28	6	-1	-1	
11	6	29	17	-1	-1	
11	6	31	7	-1	-1	
11	7	3	2	-1	-1	
11	7	5	4	-1	-1	
11	7	8	28	-1	-1	
11	7	9	30	-1	-1	
11	7	12	6	-1	-1	
11	7	13	11	-1	-1	
11	7	18	15	-1	-1	
11	7	19	22	-1	-1	
11	7	20	27	-1	-1	
11	7	21	29	-1	-1	
11	7	24	1	-1	-1	
11	7	25	17	-1	-1	
11	7	26	31	-1	-1	
11	8	1	0	-1	-1	
11	8	2	14	-1	-1	
11	8	5	3	-1	-1	
11	8	7	6	-1	-1	
11	8	10	31	-1	-1	
11	8	11	9	-1	-1	
11	8	16	23	-1	-1	
11	8	17	13	-1	-1	
11	8	18	21	-1	-1	
11	8	19	12	-1	-1	
11	8	22	28	-1	-1	
11	8	25	24	-1	-1	
11	8	27	26	-1	-1	
11	8	29	8	-1	-1	
11	8	30	20	-1	-1	
11	9	0	10	-1	-1	
11	9	2	25	-1	-1	
11	9	3	9	-1	-1	
11	9	6	5	-1	-1	
11	9	8	1	-1	-1	
11	9	11	29	-1	-1	
11	9	12	16	-1	-1	
11	9	14	18	-1	-1	
11	9	15	17	-1	-1	
11	9	20	7	-1	-1	
11	9	22	13	-1	-1	
11	9	23	4	-1	-1	
11	9	24	26	-1	-1	
11	9	28	30	-1	-1	
11	10	0	3	-1	-1	
11	10	4	1	-1	-1	
11	10	6	2	-1	-1	
11	10	10	9	-1	-1	
11	10	13	15	-1	-1	
11	10	18	12	-1	-1	
11	10	21	7	-1	-1	
11	10	23	14	-1	-1	
11	10	24	16	-1	-1	
11	10	25	28	-1	-1	
11	10	26	11	-1	-1	
11	10	27	19	-1	-1	
11	10	29	30	-1	-1	
11	10	31	22	-1	-1	
11	11	1	3	-1	-1	
11	11	2	24	-1	-1	
11	11	4	20	-1	-1	
11	11	5	15	-1	-1	
11	11	7	14	-1	-1	
11	11	8	11	-1	-1	
11	11	9	0	-1	-1	
11	11	16	13	-1	-1	
11	11	17	27	-1	-1	
11	11	19	25	-1	-1	
11	11	21	6	-1	-1	
11	11	22	23	-1	-1	
11	11	26	18	-1	-1	
11	11	28	31	-1	-1	
11	11	30	10	-1	-1	
11	12	0	26	-1	-1	
11	12	3	8	-1	-1	
11	12	6	4	-1	-1	
11	12	7	5	-1	-1	
11	12	11	2	-1	-1	
11	12	14	12	-1	-1	
11	12	15	16	-1	-1	
11	12	18	17	-1	-1	
11	12	20	21	-1	-1	
11	12	23	30	-1	-1	
11	12	24	10	-1	-1	
11	12	25	1	-1	-1	
11	12	27	9	-1	-1	
11	12	29	22	-1	-1	
11	12	31	19	-1	-1	
11	13	2	0	-1	-1	
11	13	4	7	-1	-1	
11	13	9	8	-1	-1	
11	13	10	29	-1	-1	
11	13	12	13	-1	-1	
11	13	14	5	-1	-1	
11	13	16	26	-1	-1	
11	13	17	1	-1	-1	
11	13	18	3	-1	-1	
11	13	19	15	-1	-1	
11	13	23	21	-1	-1	
11	13	27	24	-1	-1	
11	13	28	20	-1	-1	
11	13	30	31	-1	-1	
11	14	0	27	-1	-1	
11	14	4	6	-1	-1	
11	14	7	23	-1	-1	
11	14	10	11	-1	-1	
11	14	15	13	-1	-1	
11	14	16	19	-1	-1	
11	14	17	14	-1	-1	
11	14	20	22	-1	-1	
11	14	21	12	-1	-1	
11	14	24	25	-1	-1	
11	14	26	3	-1	-1	
11	14	29	28	-1	-1	
11	14	30	5	-1	-1	
11	14	31	8	-1	-1	
11	15	2	9	-1	-1	
11	15	3	1	-1	-1	
11	15	5	12	-1	-1	
11	15	8	10	-1	-1	
11	15	11	7	-1	-1	
11	15	13	14	-1	-1	
11	15	15	6	-1	-1	
11	15	16	17	-1	-1	
11	15	19	18	-1	-1	
11	15	22	4	-1	-1	
11	15	23	20	-1	-1	
11	15	24	30	-1	-1	
11	15	25	0	-1	-1	
11	15	26	27	-1	-1	
11	15	28	21	-1	-1	
11	15	31	29	-1	-1	
11	16	0	2	-1	-1	
11	16	1	26	-1	-1	
11	16	4	5	-1	-1	
11	16	6	22	-1	-1	
11	16	7	13	-1	-1	
11	16	9	28	-1	-1	
11	16	10	3	-1	-1	
11	16	12	15	-1	-1	
11	16	14	8	-1	-1	
11	16	17	18	-1	-1	
11	16	19	16	-1	-1	
11	16	20	31	-1	-1	
11	16	21	24	-1	-1	
11	16	27	25	-1	-1	
11	16	29	23	-1	-1	
11	16	30	11	-1	-1	
11	17	1	11	-1	-1	
11	17	6	7	-1	-1	
11	17	8	30	-1	-1	
11	17	10	2	-1	-1	
11	17	12	14	-1	-1	
11	17	13	5	-1	-1	
11	17	15	9	-1	-1	
11	17	17	20	-1	-1	
11	17	18	19	-1	-1	
11	17	21	31	-1	-1	
11	17	23	22	-1	-1	
11	17	24	0	-1	-1	
11	17	25	26	-1	-1	
11	17	27	3	-1	-1	
11	17	28	16	-1	-1	
11	17	29	4	-1	-1	
11	18	2	1	-1	-1	
11	18	3	0	-1	-1	
11	18	5	6	-1	-1	
11	18	7	4	-1	-1	
11	18	9	10	-1	-1	
11	18	11	8	-1	-1	
11	18	13	12	-1	-1	
11	18	14	15	-1	-1	
11	18	16	18	-1	-1	
11	18	19	17	-1	-1	
11	18	20	23	-1	-1	
11	18	22	21	-1	-1	
11	18	25	27	-1	-1	
11	18	26	24	-1	-1	
11	18	30	29	-1	-1	
11	18	31	28	-1	-1	
12	1	1	3	-1	-1	
12	1	2	21	-1	-1	
12	1	7	6	-1	-1	
12	1	10	17	-1	-1	
12	1	11	16	-1	-1	
12	1	12	0	-1	-1	
12	1	14	8	-1	-1	
12	1	15	9	-1	-1	
12	1	18	20	-1	-1	
12	1	19	22	-1	-1	
12	1	24	5	-1	-1	
12	1	26	4	-1	-1	
12	1	27	29	-1	-1	
12	1	28	13	-1	-1	
12	1	30	25	-1	-1	
12	1	31	23	-1	-1	
12	2	0	1	-1	-1	
12	2	3	2	-1	-1	
12	2	4	24	-1	-1	
12	2	6	15	-1	-1	
12	2	8	12	-1	-1	
12	2	9	14	-1	-1	
12	2	10	7	-1	-1	
12	2	13	30	-1	-1	
12	2	17	16	-1	-1	
12	2	18	11	-1	-1	
12	2	22	20	-1	-1	
12	2	23	21	-1	-1	
12	2	25	5	-1	-1	
12	2	27	19	-1	-1	
12	2	28	26	-1	-1	
12	2	29	31	-1	-1	
12	3	1	8	-1	-1	
12	3	2	10	-1	-1	
12	3	5	4	-1	-1	
12	3	11	9	-1	-1	
12	3	13	12	-1	-1	
12	3	14	29	-1	-1	
12	3	16	0	-1	-1	
12	3	19	18	-1	-1	
12	3	20	25	-1	-1	
12	3	21	6	-1	-1	
12	3	22	17	-1	-1	
12	3	23	3	-1	-1	
12	3	24	28	-1	-1	
12	3	26	7	-1	-1	
12	3	30	15	-1	-1	
12	3	31	27	-1	-1	
12	4	4	2	-1	-1	
12	4	5	1	-1	-1	
12	4	6	0	-1	-1	
12	4	7	13	-1	-1	
12	4	8	11	-1	-1	
12	4	9	19	-1	-1	
12	4	12	31	-1	-1	
12	4	14	10	-1	-1	
12	4	15	28	-1	-1	
12	4	16	22	-1	-1	
12	4	17	23	-1	-1	
12	4	20	3	-1	-1	
12	4	21	18	-1	-1	
12	4	24	27	-1	-1	
12	4	26	25	-1	-1	
12	4	29	30	-1	-1	
12	5	0	9	-1	-1	
12	5	1	20	-1	-1	
12	5	2	22	-1	-1	
12	5	3	6	-1	-1	
12	5	4	7	-1	-1	
12	5	5	14	-1	-1	
12	5	10	12	-1	-1	
12	5	15	11	-1	-1	
12	5	17	18	-1	-1	
12	5	19	21	-1	-1	
12	5	23	16	-1	-1	
12	5	25	24	-1	-1	
12	5	27	26	-1	-1	
12	5	29	28	-1	-1	
12	5	30	8	-1	-1	
12	5	31	13	-1	-1	
12	6	0	4	-1	-1	
12	6	1	7	-1	-1	
12	6	6	5	-1	-1	
12	6	8	10	-1	-1	
12	6	9	16	-1	-1	
12	6	11	14	-1	-1	
12	6	13	29	-1	-1	
12	6	18	3	-1	-1	
12	6	20	19	-1	-1	
12	6	24	12	-1	-1	
12	6	25	17	-1	-1	
12	6	26	15	-1	-1	
12	6	28	21	-1	-1	
12	6	31	30	-1	-1	
12	7	2	3	-1	-1	
12	7	5	27	-1	-1	
12	7	6	26	-1	-1	
12	7	9	4	-1	-1	
12	7	10	15	-1	-1	
12	7	13	14	-1	-1	
12	7	16	31	-1	-1	
12	7	19	8	-1	-1	
12	7	21	17	-1	-1	
12	7	22	1	-1	-1	
12	7	23	24	-1	-1	
12	7	29	25	-1	-1	
12	7	30	20	-1	-1	
12	8	1	0	-1	-1	
12	8	3	11	-1	-1	
12	8	4	5	-1	-1	
12	8	7	24	-1	-1	
12	8	12	15	-1	-1	
12	8	13	2	-1	-1	
12	8	16	10	-1	-1	
12	8	17	9	-1	-1	
12	8	18	28	-1	-1	
12	8	19	29	-1	-1	
12	8	20	23	-1	-1	
12	8	21	22	-1	-1	
12	8	25	6	-1	-1	
12	8	27	30	-1	-1	
12	8	31	26	-1	-1	
12	9	0	7	-1	-1	
12	9	2	5	-1	-1	
12	9	3	21	-1	-1	
12	9	4	25	-1	-1	
12	9	6	1	-1	-1	
12	9	8	17	-1	-1	
12	9	10	18	-1	-1	
12	9	11	19	-1	-1	
12	9	15	13	-1	-1	
12	9	22	23	-1	-1	
12	9	26	27	-1	-1	
12	9	28	14	-1	-1	
12	9	30	12	-1	-1	
12	9	31	9	-1	-1	
12	10	0	2	-1	-1	
12	10	7	5	-1	-1	
12	10	9	8	-1	-1	
12	10	14	1	-1	-1	
12	10	15	3	-1	-1	
12	10	19	10	-1	-1	
12	10	20	16	-1	-1	
12	10	21	26	-1	-1	
12	10	22	18	-1	-1	
12	10	23	4	-1	-1	
12	10	24	31	-1	-1	
12	10	25	27	-1	-1	
12	10	28	11	-1	-1	
12	10	29	12	-1	-1	
12	11	1	2	-1	-1	
12	11	3	22	-1	-1	
12	11	5	0	-1	-1	
12	11	6	4	-1	-1	
12	11	12	11	-1	-1	
12	11	13	8	-1	-1	
12	11	14	30	-1	-1	
12	11	16	21	-1	-1	
12	11	17	20	-1	-1	
12	11	18	9	-1	-1	
12	11	23	19	-1	-1	
12	11	26	24	-1	-1	
12	11	27	7	-1	-1	
12	11	29	15	-1	-1	
12	11	31	28	-1	-1	
12	12	0	23	-1	-1	
12	12	2	6	-1	-1	
12	12	4	3	-1	-1	
12	12	8	18	-1	-1	
12	12	11	10	-1	-1	
12	12	12	13	-1	-1	
12	12	15	14	-1	-1	
12	12	19	17	-1	-1	
12	12	20	5	-1	-1	
12	12	21	1	-1	-1	
12	12	22	7	-1	-1	
12	12	24	16	-1	-1	
12	12	25	31	-1	-1	
12	12	28	27	-1	-1	
12	12	30	29	-1	-1	
12	13	3	0	-1	-1	
12	13	5	6	-1	-1	
12	13	7	25	-1	-1	
12	13	10	9	-1	-1	
12	13	11	13	-1	-1	
12	13	14	12	-1	-1	
12	13	16	8	-1	-1	
12	13	17	1	-1	-1	
12	13	18	23	-1	-1	
12	13	19	2	-1	-1	
12	13	20	22	-1	-1	
12	13	26	30	-1	-1	
12	13	27	24	-1	-1	
12	13	28	29	-1	-1	
12	14	0	20	-1	-1	
12	14	7	4	-1	-1	
12	14	8	9	-1	-1	
12	14	12	28	-1	-1	
12	14	14	15	-1	-1	
12	14	17	11	-1	-1	
12	14	18	16	-1	-1	
12	14	22	21	-1	-1	
12	14	23	2	-1	-1	
12	14	24	6	-1	-1	
12	14	25	26	-1	-1	
12	14	27	13	-1	-1	
12	14	29	10	-1	-1	
12	14	30	31	-1	-1	
12	15	2	1	-1	-1	
12	15	3	5	-1	-1	
12	15	4	12	-1	-1	
12	15	6	7	-1	-1	
12	15	8	15	-1	-1	
12	15	9	11	-1	-1	
12	15	13	10	-1	-1	
12	15	16	19	-1	-1	
12	15	18	17	-1	-1	
12	15	21	0	-1	-1	
12	15	22	27	-1	-1	
12	15	23	20	-1	-1	
12	15	24	25	-1	-1	
12	15	26	29	-1	-1	
12	15	28	30	-1	-1	
12	15	31	14	-1	-1	
12	16	0	3	-1	-1	
12	16	1	23	-1	-1	
12	16	5	26	-1	-1	
12	16	7	2	-1	-1	
12	16	10	8	-1	-1	
12	16	11	6	-1	-1	
12	16	12	9	-1	-1	
12	16	14	13	-1	-1	
12	16	15	31	-1	-1	
12	16	16	18	-1	-1	
12	16	17	19	-1	-1	
12	16	20	21	-1	-1	
12	16	25	28	-1	-1	
12	16	27	4	-1	-1	
12	16	29	22	-1	-1	
12	16	30	24	-1	-1	
12	17	1	4	-1	-1	
12	17	6	27	-1	-1	
12	17	7	3	-1	-1	
12	17	8	5	-1	-1	
12	17	9	13	-1	-1	
12	17	10	11	-1	-1	
12	17	15	12	-1	-1	
12	17	17	30	-1	-1	
12	17	19	16	-1	-1	
12	17	20	2	-1	-1	
12	17	21	23	-1	-1	
12	17	22	0	-1	-1	
12	17	25	14	-1	-1	
12	17	26	18	-1	-1	
12	17	28	31	-1	-1	
12	17	29	24	-1	-1	
12	18	2	0	-1	-1	
12	18	3	1	-1	-1	
12	18	4	6	-1	-1	
12	18	5	7	-1	-1	
12	18	9	10	-1	-1	
12	18	11	8	-1	-1	
12	18	12	14	-1	-1	
12	18	13	15	-1	-1	
12	18	16	17	-1	-1	
12	18	18	19	-1	-1	
12	18	21	20	-1	-1	
12	18	23	22	-1	-1	
12	18	24	26	-1	-1	
12	18	27	25	-1	-1	
12	18	30	28	-1	-1	
12	18	31	29	-1	-1	
